#as_type|date|from1to24|from25to49|from50to74|from75to99
business|20140615|870|868|269|0
business|20140715|857|840|204|0
business|20140815|872|855|196|0
business|20140915|891|911|278|0
business|20141015|893|917|288|0
business|20141115|878|929|289|0
business|20141215|874|945|291|0
business|20150115|881|960|283|0
business|20150215|889|959|287|0
business|20150315|896|965|296|0
business|20150415|902|977|277|0
business|20150515|931|991|299|0
business|20150615|928|943|232|0
business|20150715|945|949|224|0
business|20150815|968|1017|303|0
business|20150915|973|1010|313|0
business|20151015|968|1004|305|0
business|20151115|968|1004|305|0
business|20151215|1006|1047|317|0
business|20160115|1006|1047|317|0
business|20160215|1020|1064|298|0
business|20160315|1025|1061|301|0
business|20160415|1044|1067|312|0
business|20160515|1037|1073|318|0
business|20160615|1062|1075|332|0
business|20160715|1069|1087|328|0
business|20160815|1083|1094|348|0
business|20160915|1082|1103|342|0
business|20161015|1086|1105|349|0
business|20161115|1082|1096|349|0
business|20161215|1070|1107|348|0
business|20170115|1076|1112|367|0
business|20170215|1060|1108|335|0
business|20170315|1072|1114|348|0
business|20170415|1075|1138|343|0
business|20170515|1092|1140|357|0
business|20170615|1101|1146|340|0
business|20170715|1113|1153|344|0
business|20170815|1124|1179|352|0
business|20170915|1139|1193|346|1
business|20171015|1162|1189|358|1
business|20171115|1194|1209|361|1
business|20171215|1187|1196|366|1
business|20180115|1196|1189|354|1
business|20180215|1207|1218|350|0
business|20180315|1217|1246|355|0
business|20180415|1215|1244|353|0
business|20180515|1236|1255|335|0
business|20180615|1247|1265|349|0
business|20180715|1249|1279|344|0
business|20180815|1258|1279|352|0
business|20180915|1255|1296|347|0
business|20181015|1256|1304|353|0
business|20181115|1253|1318|353|0
business|20181215|1270|1310|329|0
business|20190115|1284|1321|355|0
business|20190215|1277|1331|350|0
business|20190315|1290|1333|341|0
business|20190415|1298|1334|348|0
business|20190515|1309|1334|348|0
business|20190615|1316|1326|352|0
business|20190715|1340|1328|349|0
business|20190815|1331|1351|364|0
business|20190915|1336|1370|360|0
business|20191015|1349|1364|373|0
business|20191115|1348|1402|376|0
business|20191215|1354|1401|367|0
business|20200115|1345|1401|334|0
business|20200215|1344|1429|340|0
business|20200315|1381|1455|368|0
business|20200415|1372|1457|372|0
business|20200515|1360|1475|367|0
business|20200615|1387|1481|371|0
business|20200715|1388|1492|376|0
business|20200815|1407|1487|389|0
business|20200915|1423|1490|392|0
business|20201015|1417|1528|386|0
business|20201115|1416|1525|393|0
business|20201215|1427|1561|387|0
business|20210115|1403|1560|385|0
business|20210215|1422|1565|395|0
business|20210315|1426|1596|386|0
business|20210415|1443|1599|382|0
business|20210515|1450|1583|376|0
business|20210615|1445|1605|379|0
business|20210715|1440|1622|367|0
business|20210815|1460|1626|365|0
business|20210915|1476|1624|380|0
business|20211015|1453|1639|374|0
business|20211115|1448|1644|389|0
business|20211215|1453|1643|381|0
business|20220115|1460|1663|373|0
business|20220215|1452|1654|362|0
business|20220315|1478|1659|379|0
business|20220415|1477|1670|388|0
business|20220515|1507|1668|392|0
business|20220615|1491|1665|388|0
business|20220715|1513|1678|386|0
business|20220815|1508|1686|390|0
business|20220915|1506|1719|387|0
business|20221015|1484|1731|399|0
business|20221115|1496|1713|410|0
business|20221215|1497|1715|410|0
business|20230115|1498|1733|410|0
business|20230215|1498|1754|407|0
business|20230315|1501|1759|402|0
business|20230415|1515|1773|407|0
business|20230515|1537|1757|404|0
business|20230615|1546|1760|399|0
business|20230715|1552|1756|404|0
business|20230815|1554|1751|420|0
business|20230915|1554|1738|400|0
business|20231015|1559|1750|390|0
business|20231115|1541|1742|397|0
business|20231215|1534|1762|392|0
business|20240115|1534|1770|384|0
business|20240215|1534|1752|385|0
business|20240315|1541|1751|379|0
business|20240415|1549|1753|390|0
business|20240515|1548|1765|383|0
business|20240615|1546|1760|390|0
education|20140615|339|332|250|0
education|20140715|339|332|250|0
education|20140815|339|332|250|0
education|20140915|339|332|250|0
education|20141015|328|362|289|1
education|20141115|336|348|273|1
education|20141215|324|323|242|1
education|20150115|328|317|233|1
education|20150215|333|325|235|1
education|20150315|341|347|273|1
education|20150415|341|332|225|1
education|20150515|345|373|286|1
education|20150615|345|373|286|1
education|20150715|351|385|306|1
education|20150815|351|385|306|1
education|20150915|353|393|300|1
education|20151015|361|383|281|1
education|20151115|361|383|281|1
education|20151215|357|396|302|1
education|20160115|357|396|302|1
education|20160215|360|386|294|1
education|20160315|349|392|277|1
education|20160415|361|397|294|1
education|20160515|366|392|286|1
education|20160615|366|377|296|1
education|20160715|371|377|278|1
education|20160815|375|384|289|1
education|20160915|380|391|294|1
education|20161015|384|395|292|1
education|20161115|391|383|286|1
education|20161215|394|378|281|1
education|20170115|391|382|271|1
education|20170215|366|302|164|1
education|20170315|375|294|164|1
education|20170415|373|307|158|1
education|20170515|373|319|178|1
education|20170615|373|312|165|1
education|20170715|371|315|163|1
education|20170815|376|318|168|1
education|20170915|389|317|171|1
education|20171015|378|335|181|1
education|20171115|385|332|176|1
education|20171215|384|317|179|1
education|20180115|390|318|177|1
education|20180215|387|332|176|1
education|20180315|389|325|174|2
education|20180415|394|337|176|2
education|20180515|396|325|169|2
education|20180615|404|328|164|1
education|20180715|402|327|172|1
education|20180815|404|330|178|1
education|20180915|404|332|176|1
education|20181015|403|334|177|1
education|20181115|411|349|212|0
education|20181215|409|346|197|0
education|20190115|409|353|210|0
education|20190215|397|352|190|0
education|20190315|403|351|181|0
education|20190415|406|348|183|0
education|20190515|420|347|185|0
education|20190615|430|338|179|0
education|20190715|431|340|179|0
education|20190815|435|350|184|0
education|20190915|442|342|177|0
education|20191015|429|341|173|0
education|20191115|436|348|169|0
education|20191215|426|347|166|0
education|20200115|426|347|166|0
education|20200215|436|346|171|0
education|20200315|436|346|171|0
education|20200415|438|333|180|0
education|20200515|445|333|177|0
education|20200615|442|334|170|0
education|20200715|439|334|167|0
education|20200815|443|341|172|0
education|20200915|452|335|166|0
education|20201015|454|338|161|0
education|20201115|449|338|165|0
education|20201215|459|338|170|0
education|20210115|458|346|154|0
education|20210215|455|352|173|0
education|20210315|447|354|153|0
education|20210415|446|350|167|0
education|20210515|450|349|168|0
education|20210615|439|354|164|0
education|20210715|440|344|168|0
education|20210815|440|353|172|0
education|20210915|454|358|180|0
education|20211015|451|368|185|0
education|20211115|451|375|181|0
education|20211215|455|369|189|0
education|20220115|457|365|176|0
education|20220215|438|320|125|0
education|20220315|455|367|170|0
education|20220415|457|373|169|0
education|20220515|448|374|167|0
education|20220615|460|376|173|0
education|20220715|462|380|175|0
education|20220815|470|379|167|0
education|20220915|472|380|167|0
education|20221015|462|385|162|0
education|20221115|467|385|160|0
education|20221215|463|390|175|0
education|20230115|471|386|173|0
education|20230215|470|387|174|0
education|20230315|464|392|174|0
education|20230415|459|395|171|0
education|20230515|465|391|161|0
education|20230615|467|396|160|0
education|20230715|463|392|158|0
education|20230815|466|398|164|0
education|20230915|445|331|80|0
education|20231015|439|337|80|0
education|20231115|436|340|83|0
education|20231215|434|343|86|0
education|20240115|429|349|86|0
education|20240215|428|349|89|0
education|20240315|436|346|94|0
education|20240415|424|354|90|0
education|20240515|431|356|88|0
education|20240615|439|357|84|0
government|20140615|139|103|48|1
government|20140715|128|86|37|0
government|20140815|133|87|36|0
government|20140915|153|118|56|0
government|20141015|154|126|56|0
government|20141115|148|114|45|0
government|20141215|145|114|44|0
government|20150115|147|110|50|0
government|20150215|147|108|57|0
government|20150315|150|108|54|0
government|20150415|157|103|54|0
government|20150515|162|110|51|0
government|20150615|146|100|32|0
government|20150715|146|98|36|0
government|20150815|171|130|57|0
government|20150915|172|130|55|0
government|20151015|172|127|52|0
government|20151115|144|102|36|0
government|20151215|148|107|31|0
government|20160115|173|134|59|0
government|20160215|177|129|54|0
government|20160315|171|139|54|0
government|20160415|175|139|55|0
government|20160515|174|138|56|0
government|20160615|174|145|54|0
government|20160715|176|142|52|0
government|20160815|176|146|52|0
government|20160915|176|142|54|0
government|20161015|175|142|56|0
government|20161115|173|143|56|0
government|20161215|175|148|51|0
government|20170115|175|145|56|0
government|20170215|160|117|44|0
government|20170315|169|115|45|0
government|20170415|167|117|47|0
government|20170515|169|118|44|0
government|20170615|168|118|44|0
government|20170715|169|115|43|0
government|20170815|165|122|42|0
government|20170915|164|130|41|0
government|20171015|154|133|39|0
government|20171115|157|133|41|0
government|20171215|166|129|41|0
government|20180115|163|126|44|0
government|20180215|162|132|43|0
government|20180315|165|132|42|0
government|20180415|162|140|44|0
government|20180515|166|139|44|0
government|20180615|166|142|41|0
government|20180715|170|142|40|0
government|20180815|175|142|42|0
government|20180915|178|146|40|0
government|20181015|179|145|40|0
government|20181115|173|146|41|0
government|20181215|171|147|42|0
government|20190115|170|147|41|0
government|20190215|175|146|41|0
government|20190315|175|146|36|0
government|20190415|206|151|39|0
government|20190515|211|152|41|0
government|20190615|210|156|38|0
government|20190715|210|158|38|0
government|20190815|217|155|37|0
government|20190915|216|152|41|0
government|20191015|213|151|42|0
government|20191115|214|156|39|0
government|20191215|212|158|45|0
government|20200115|210|157|33|0
government|20200215|208|164|34|0
government|20200315|217|175|39|0
government|20200415|214|175|44|0
government|20200515|217|172|48|0
government|20200615|220|172|45|0
government|20200715|223|171|45|0
government|20200815|219|177|48|0
government|20200915|223|175|51|0
government|20201015|222|173|50|0
government|20201115|226|172|54|0
government|20201215|230|175|55|0
government|20210115|227|171|58|0
government|20210215|228|167|61|0
government|20210315|227|166|58|0
government|20210415|223|173|59|0
government|20210515|221|176|57|0
government|20210615|222|179|55|0
government|20210715|226|179|56|0
government|20210815|228|183|55|0
government|20210915|239|180|56|0
government|20211015|234|177|57|0
government|20211115|232|182|56|0
government|20211215|233|183|59|0
government|20220115|233|190|57|0
government|20220215|236|180|49|0
government|20220315|236|179|58|0
government|20220415|234|176|59|0
government|20220515|233|177|56|0
government|20220615|235|178|55|0
government|20220715|236|180|55|0
government|20220815|237|183|55|0
government|20220915|242|180|54|0
government|20221015|245|175|55|0
government|20221115|240|179|53|0
government|20221215|241|183|52|0
government|20230115|235|184|54|0
government|20230215|237|188|55|0
government|20230315|238|191|56|0
government|20230415|250|188|56|0
government|20230515|246|192|58|0
government|20230615|251|195|60|0
government|20230715|257|190|62|0
government|20230815|257|188|62|0
government|20230915|252|181|47|0
government|20231015|247|181|52|0
government|20231115|252|179|50|0
government|20231215|252|181|48|0
government|20240115|251|181|48|0
government|20240215|258|183|43|0
government|20240315|259|185|46|0
government|20240415|262|188|46|0
government|20240515|259|189|48|0
government|20240615|255|199|51|0
hosting|20140615|1110|436|124|0
hosting|20140715|1089|437|116|0
hosting|20140815|1095|444|108|0
hosting|20140915|1135|461|121|0
hosting|20141015|1144|469|120|0
hosting|20141115|1180|454|123|0
hosting|20141215|1189|465|115|0
hosting|20150115|1197|483|113|0
hosting|20150215|1200|479|117|0
hosting|20150315|1204|474|113|0
hosting|20150415|1211|487|110|0
hosting|20150515|1262|483|115|0
hosting|20150615|1228|481|111|0
hosting|20150715|1239|477|119|0
hosting|20150815|1265|511|121|0
hosting|20150915|1284|507|128|0
hosting|20151015|1285|518|118|0
hosting|20151115|1287|510|113|0
hosting|20151215|1312|504|112|0
hosting|20160115|1336|526|117|0
hosting|20160215|1363|524|119|0
hosting|20160315|1367|531|117|0
hosting|20160415|1366|529|125|0
hosting|20160515|1380|537|124|0
hosting|20160615|1389|537|129|0
hosting|20160715|1411|543|129|0
hosting|20160815|1436|554|123|0
hosting|20160915|1448|548|120|0
hosting|20161015|1460|565|119|0
hosting|20161115|1464|585|122|0
hosting|20161215|1459|575|128|0
hosting|20170115|1471|576|129|0
hosting|20170215|1484|572|122|0
hosting|20170315|1505|575|122|0
hosting|20170415|1499|585|125|0
hosting|20170515|1514|585|130|0
hosting|20170615|1489|607|121|0
hosting|20170715|1503|597|132|0
hosting|20170815|1524|606|129|0
hosting|20170915|1556|620|131|0
hosting|20171015|1553|637|127|0
hosting|20171115|1583|660|127|0
hosting|20171215|1540|646|127|0
hosting|20180115|1568|630|124|0
hosting|20180215|1588|634|130|0
hosting|20180315|1605|654|120|0
hosting|20180415|1626|657|122|0
hosting|20180515|1643|646|121|0
hosting|20180615|1656|647|115|0
hosting|20180715|1662|642|121|0
hosting|20180815|1646|640|123|0
hosting|20180915|1644|662|118|0
hosting|20181015|1656|664|112|0
hosting|20181115|1677|644|128|0
hosting|20181215|1683|652|121|0
hosting|20190115|1693|654|119|0
hosting|20190215|1700|658|117|0
hosting|20190315|1681|671|118|0
hosting|20190415|1716|671|118|0
hosting|20190515|1716|666|119|0
hosting|20190615|1722|674|113|0
hosting|20190715|1728|678|110|0
hosting|20190815|1732|686|116|0
hosting|20190915|1713|715|113|0
hosting|20191015|1761|697|113|0
hosting|20191115|1763|715|110|0
hosting|20191215|1771|705|114|0
hosting|20200115|1790|708|114|0
hosting|20200215|1811|702|117|0
hosting|20200315|1826|726|122|0
hosting|20200415|1839|719|120|0
hosting|20200515|1841|727|121|0
hosting|20200615|1852|740|115|0
hosting|20200715|1854|750|117|0
hosting|20200815|1857|761|119|0
hosting|20200915|1874|768|120|0
hosting|20201015|1888|777|126|0
hosting|20201115|1898|778|123|0
hosting|20201215|1928|792|133|0
hosting|20210115|1884|800|129|0
hosting|20210215|1908|807|123|0
hosting|20210315|1914|804|128|0
hosting|20210415|1911|808|132|0
hosting|20210515|1934|802|138|0
hosting|20210615|1947|826|133|0
hosting|20210715|1931|832|134|0
hosting|20210815|1932|834|133|0
hosting|20210915|1967|861|125|0
hosting|20211015|1947|841|145|0
hosting|20211115|1964|854|141|0
hosting|20211215|1979|842|136|0
hosting|20220115|1990|851|131|0
hosting|20220215|1991|849|135|0
hosting|20220315|2015|853|125|0
hosting|20220415|2016|851|126|0
hosting|20220515|2008|863|129|0
hosting|20220615|2014|857|127|0
hosting|20220715|2045|854|134|0
hosting|20220815|2040|859|135|0
hosting|20220915|2038|875|134|0
hosting|20221015|2050|867|132|0
hosting|20221115|2056|876|135|0
hosting|20221215|2070|887|140|0
hosting|20230115|2055|890|135|0
hosting|20230215|2046|892|134|0
hosting|20230315|2054|886|136|0
hosting|20230415|2057|894|132|0
hosting|20230515|2067|883|136|0
hosting|20230615|2057|901|133|0
hosting|20230715|2054|892|138|0
hosting|20230815|2045|910|141|0
hosting|20230915|2049|907|139|0
hosting|20231015|2060|913|142|0
hosting|20231115|2048|918|141|0
hosting|20231215|2033|927|141|0
hosting|20240115|2034|921|140|0
hosting|20240215|2047|929|135|0
hosting|20240315|2047|912|141|0
hosting|20240415|2074|911|141|0
hosting|20240515|2091|904|142|0
hosting|20240615|2095|913|148|0
internet|20140615|5869|3681|1086|1
internet|20140715|5798|3463|786|0
internet|20140815|5884|3531|770|0
internet|20140915|6131|3862|1130|1
internet|20141015|6163|3918|1187|1
internet|20141115|6172|3920|1152|1
internet|20141215|6177|3950|1131|1
internet|20150115|6196|4012|1104|1
internet|20150215|6259|4004|1116|1
internet|20150315|6340|4024|1158|1
internet|20150415|6403|4032|1102|1
internet|20150515|6509|4183|1186|1
internet|20150615|6377|3934|825|1
internet|20150715|6475|3943|843|1
internet|20150815|6678|4318|1220|1
internet|20150915|6743|4335|1242|1
internet|20151015|6767|4348|1208|1
internet|20151115|6624|4083|863|1
internet|20151215|6681|4135|891|1
internet|20160115|6954|4504|1288|1
internet|20160215|7012|4613|1253|1
internet|20160315|7034|4647|1230|1
internet|20160415|7115|4696|1277|1
internet|20160515|7129|4738|1281|1
internet|20160615|7225|4762|1326|1
internet|20160715|7269|4829|1305|1
internet|20160815|7367|4924|1337|1
internet|20160915|7388|5007|1311|1
internet|20161015|7453|5069|1304|1
internet|20161115|7481|5074|1308|1
internet|20161215|7490|5067|1307|1
internet|20170115|7535|5100|1340|1
internet|20170215|7506|5014|1166|1
internet|20170315|7622|5063|1173|1
internet|20170415|7611|5157|1193|1
internet|20170515|7673|5238|1221|1
internet|20170615|7712|5314|1184|2
internet|20170715|7732|5315|1230|1
internet|20170815|7805|5377|1258|1
internet|20170915|7969|5501|1260|2
internet|20171015|7983|5636|1277|2
internet|20171115|8163|5750|1277|2
internet|20171215|8034|5729|1290|2
internet|20180115|8051|5703|1269|2
internet|20180215|8119|5755|1284|1
internet|20180315|8223|5925|1273|2
internet|20180415|8288|5985|1298|3
internet|20180515|8398|6016|1269|3
internet|20180615|8409|6145|1252|2
internet|20180715|8413|6222|1263|3
internet|20180815|8438|6242|1335|2
internet|20180915|8461|6278|1338|2
internet|20181015|8465|6367|1327|2
internet|20181115|8513|6400|1428|1
internet|20181215|8539|6479|1359|1
internet|20190115|8612|6523|1420|1
internet|20190215|8577|6644|1368|2
internet|20190315|8577|6692|1386|1
internet|20190415|8731|6760|1396|1
internet|20190515|8765|6803|1368|0
internet|20190615|8788|6827|1340|0
internet|20190715|8854|6889|1353|0
internet|20190815|8838|7046|1420|0
internet|20190915|8839|7145|1408|0
internet|20191015|8959|7164|1431|0
internet|20191115|9012|7381|1435|0
internet|20191215|8998|7372|1430|0
internet|20200115|9010|7341|1306|0
internet|20200215|9060|7404|1358|0
internet|20200315|9260|7658|1501|0
internet|20200415|9250|7757|1512|0
internet|20200515|9264|7859|1494|0
internet|20200615|9368|7922|1517|0
internet|20200715|9369|8020|1518|0
internet|20200815|9428|8146|1537|0
internet|20200915|9486|8275|1565|0
internet|20201015|9406|8331|1595|0
internet|20201115|9415|8399|1636|0
internet|20201215|9537|8594|1658|0
internet|20210115|9422|8527|1616|1
internet|20210215|9504|8571|1662|1
internet|20210315|9496|8691|1642|1
internet|20210415|9515|8724|1676|1
internet|20210515|9553|8712|1647|2
internet|20210615|9560|8823|1621|2
internet|20210715|9528|8849|1617|1
internet|20210815|9576|8941|1623|1
internet|20210915|9693|8987|1641|0
internet|20211015|9601|8965|1644|0
internet|20211115|9621|8983|1667|1
internet|20211215|9643|8967|1641|0
internet|20220115|9700|9064|1619|0
internet|20220215|9670|8939|1557|0
internet|20220315|9713|8976|1615|0
internet|20220415|9708|9067|1625|0
internet|20220515|9724|9044|1611|0
internet|20220615|9776|9007|1629|1
internet|20220715|9896|9113|1629|0
internet|20220815|9840|9131|1635|0
internet|20220915|9829|9228|1631|0
internet|20221015|9761|9120|1642|0
internet|20221115|9752|9095|1630|0
internet|20221215|9827|9138|1658|0
internet|20230115|9800|9147|1662|0
internet|20230215|9779|9195|1635|1
internet|20230315|9830|9199|1625|1
internet|20230415|9837|9211|1645|1
internet|20230515|9880|9117|1661|1
internet|20230615|9853|9202|1636|1
internet|20230715|9816|9170|1638|1
internet|20230815|9787|9203|1650|1
internet|20230915|9787|9144|1523|1
internet|20231015|9792|9175|1542|1
internet|20231115|9751|9214|1527|1
internet|20231215|9686|9259|1493|1
internet|20240115|9683|9283|1497|0
internet|20240215|9712|9250|1471|0
internet|20240315|9724|9228|1497|0
internet|20240415|9754|9240|1491|0
internet|20240515|9764|9220|1466|0
internet|20240615|9740|9251|1433|0
isp|20140615|2405|1286|208|0
isp|20140715|2423|1280|212|0
isp|20140815|2477|1306|208|0
isp|20140915|2551|1344|220|1
isp|20141015|2580|1357|222|0
isp|20141115|2588|1398|219|0
isp|20141215|2579|1420|235|0
isp|20150115|2600|1443|232|0
isp|20150215|2636|1452|229|0
isp|20150315|2681|1453|228|0
isp|20150415|2728|1446|243|0
isp|20150515|2740|1526|234|0
isp|20150615|2731|1519|227|0
isp|20150715|2808|1521|231|0
isp|20150815|2844|1553|239|0
isp|20150915|2888|1576|248|0
isp|20151015|2915|1610|249|0
isp|20151115|2893|1594|256|0
isp|20151215|2916|1631|283|0
isp|20160115|3011|1664|278|0
isp|20160215|3024|1746|272|0
isp|20160315|3080|1750|278|0
isp|20160415|3120|1779|279|0
isp|20160515|3121|1820|289|0
isp|20160615|3188|1835|310|0
isp|20160715|3203|1885|311|0
isp|20160815|3251|1953|316|0
isp|20160915|3265|2004|304|0
isp|20161015|3311|2052|294|0
isp|20161115|3345|2066|297|0
isp|20161215|3395|2062|300|0
isp|20170115|3398|2080|325|0
isp|20170215|3443|2149|319|0
isp|20170315|3502|2195|308|0
isp|20170415|3524|2234|324|0
isp|20170515|3547|2294|314|0
isp|20170615|3621|2350|318|1
isp|20170715|3623|2360|353|0
isp|20170815|3667|2369|375|0
isp|20170915|3761|2463|379|0
isp|20171015|3788|2558|375|0
isp|20171115|3878|2616|382|0
isp|20171215|3807|2656|379|0
isp|20180115|3809|2656|377|0
isp|20180215|3854|2661|389|0
isp|20180315|3908|2781|391|0
isp|20180415|3953|2814|414|1
isp|20180515|4028|2858|418|1
isp|20180615|4021|2971|397|1
isp|20180715|4040|3027|405|2
isp|20180815|4059|3058|445|1
isp|20180915|4079|3071|461|1
isp|20181015|4103|3147|451|1
isp|20181115|4147|3154|495|1
isp|20181215|4159|3223|484|1
isp|20190115|4195|3246|510|1
isp|20190215|4171|3358|490|2
isp|20190315|4191|3381|530|1
isp|20190415|4257|3441|526|1
isp|20190515|4277|3486|506|0
isp|20190615|4283|3520|498|0
isp|20190715|4328|3569|514|0
isp|20190815|4308|3698|541|0
isp|20190915|4319|3750|545|0
isp|20191015|4411|3800|554|0
isp|20191115|4459|3942|572|0
isp|20191215|4443|3969|571|0
isp|20200115|4460|4017|592|0
isp|20200215|4507|4062|626|0
isp|20200315|4619|4168|634|0
isp|20200415|4625|4275|639|0
isp|20200515|4653|4361|620|0
isp|20200615|4714|4410|650|0
isp|20200715|4732|4486|647|0
isp|20200815|4770|4618|633|0
isp|20200915|4815|4719|676|0
isp|20201015|4741|4735|716|0
isp|20201115|4768|4809|746|0
isp|20201215|4827|4956|758|0
isp|20210115|4799|4903|740|0
isp|20210215|4846|4941|761|0
isp|20210315|4850|5024|770|0
isp|20210415|4872|5060|783|0
isp|20210515|4887|5084|760|1
isp|20210615|4918|5155|735|1
isp|20210715|4907|5196|749|1
isp|20210815|4950|5275|759|1
isp|20210915|4991|5302|764|0
isp|20211015|4973|5306|739|0
isp|20211115|4999|5304|763|1
isp|20211215|5007|5326|743|0
isp|20220115|5052|5387|752|0
isp|20220215|5053|5367|766|0
isp|20220315|5050|5373|761|0
isp|20220415|5051|5454|767|0
isp|20220515|5069|5436|756|0
isp|20220615|5121|5421|780|1
isp|20220715|5193|5522|776|0
isp|20220815|5167|5544|782|0
isp|20220915|5171|5615|781|0
isp|20221015|5139|5535|792|0
isp|20221115|5125|5537|771|0
isp|20221215|5193|5570|782|0
isp|20230115|5189|5587|788|0
isp|20230215|5201|5613|773|1
isp|20230315|5265|5620|768|1
isp|20230415|5251|5633|784|1
isp|20230515|5281|5575|815|1
isp|20230615|5268|5654|794|1
isp|20230715|5261|5653|799|1
isp|20230815|5247|5695|786|1
isp|20230915|5277|5745|786|1
isp|20231015|5295|5779|804|1
isp|20231115|5286|5838|790|1
isp|20231215|5273|5850|775|1
isp|20240115|5292|5878|795|0
isp|20240215|5316|5875|777|0
isp|20240315|5325|5898|798|0
isp|20240415|5346|5910|793|0
isp|20240515|5353|5893|773|0
isp|20240615|5333|5933|733|0
none|20140615|1030|658|183|0
none|20140715|1017|635|161|0
none|20140815|1019|644|169|0
none|20140915|1062|696|205|0
none|20141015|1064|687|212|0
none|20141115|1042|677|203|0
none|20141215|1066|683|204|0
none|20150115|1043|699|193|0
none|20150215|1054|681|191|0
none|20150315|1068|677|194|0
none|20150415|1064|687|193|0
none|20150515|1069|700|201|0
none|20150615|1054|677|161|0
none|20150715|1043|686|165|0
none|20150815|1079|722|194|0
none|20150915|1073|719|198|0
none|20151015|1066|706|203|0
none|20151115|1026|700|167|0
none|20151215|1031|703|170|0
none|20160115|1071|737|215|0
none|20160215|1068|764|216|0
none|20160315|1042|774|203|0
none|20160415|1049|785|212|0
none|20160515|1051|778|208|0
none|20160615|1046|793|205|0
none|20160715|1039|795|207|0
none|20160815|1046|793|209|0
none|20160915|1037|819|197|0
none|20161015|1037|810|194|0
none|20161115|1026|801|198|0
none|20161215|997|797|199|0
none|20170115|1024|805|192|0
none|20170215|993|766|182|0
none|20170315|999|770|186|0
none|20170415|973|776|196|0
none|20170515|978|782|198|0
none|20170615|960|781|196|0
none|20170715|953|775|195|0
none|20170815|949|783|192|0
none|20170915|960|778|192|0
none|20171015|948|784|197|0
none|20171115|966|800|190|0
none|20171215|950|785|198|0
none|20180115|925|784|193|0
none|20180215|921|778|196|0
none|20180315|939|787|191|0
none|20180415|938|793|189|0
none|20180515|929|793|182|0
none|20180615|915|792|186|0
none|20180715|890|805|181|0
none|20180815|896|793|195|0
none|20180915|901|771|196|0
none|20181015|868|773|194|0
none|20181115|852|789|199|0
none|20181215|847|801|186|0
none|20190115|861|802|185|0
none|20190215|857|799|180|0
none|20190315|837|810|180|0
none|20190415|848|815|182|0
none|20190515|832|818|169|0
none|20190615|827|813|160|0
none|20190715|817|816|163|0
none|20190815|815|806|178|0
none|20190915|813|816|172|0
none|20191015|796|811|176|0
none|20191115|792|818|169|0
none|20191215|792|792|167|0
none|20200115|796|778|151|0
none|20200215|780|772|160|0
none|20200315|781|788|167|0
none|20200415|762|798|157|0
none|20200515|748|791|161|0
none|20200615|753|785|166|0
none|20200715|733|787|166|0
none|20200815|732|762|176|0
none|20200915|699|788|160|0
none|20201015|684|780|156|0
none|20201115|658|777|155|0
none|20201215|666|772|155|0
none|20210115|651|747|150|1
none|20210215|645|739|149|1
none|20210315|632|747|147|1
none|20210415|620|734|153|1
none|20210515|611|718|148|1
none|20210615|589|704|155|1
none|20210715|584|676|143|0
none|20210815|566|670|139|0
none|20210915|566|662|136|0
none|20211015|543|634|144|0
none|20211115|527|624|137|0
none|20211215|516|604|133|0
none|20220115|508|608|130|0
none|20220215|500|569|120|0
none|20220315|479|545|122|0
none|20220415|473|543|116|0
none|20220515|459|526|111|0
none|20220615|455|510|106|0
none|20220715|447|499|103|0
none|20220815|418|480|106|0
none|20220915|400|459|108|0
none|20221015|381|427|102|0
none|20221115|368|405|101|0
none|20221215|363|393|99|0
none|20230115|352|367|102|0
none|20230215|327|361|92|0
none|20230315|308|351|89|0
none|20230415|305|328|95|0
none|20230515|284|319|87|0
none|20230615|264|296|90|0
none|20230715|229|287|77|0
none|20230815|218|261|77|0
none|20230915|210|242|71|0
none|20231015|192|215|74|0
none|20231115|188|197|66|0
none|20231215|160|196|51|0
none|20240115|143|184|44|0
none|20240215|129|162|42|0
none|20240315|116|136|39|0
none|20240415|99|124|31|0
none|20240515|82|113|32|0
none|20240615|72|89|27|0
