region|date|tam_1|tam_2|tam_3|tam_4plus
afrinic|20140615|2|2|2|0
afrinic|20140715|2|1|3|0
afrinic|20140815|2|1|3|0
afrinic|20140915|2|1|3|0
afrinic|20141015|2|1|3|0
afrinic|20141115|2|1|3|0
afrinic|20141215|2|1|2|0
afrinic|20150115|2|1|1|0
afrinic|20150215|2|1|1|0
afrinic|20150315|2|1|1|0
afrinic|20150415|3|1|1|1
afrinic|20150515|2|1|1|1
afrinic|20150615|2|1|1|1
afrinic|20150715|2|4|2|1
afrinic|20150815|2|3|2|2
afrinic|20150915|3|2|2|1
afrinic|20151015|3|3|1|1
afrinic|20151115|2|3|1|2
afrinic|20151215|2|3|1|2
afrinic|20160115|2|3|2|2
afrinic|20160215|2|3|2|2
afrinic|20160315|2|3|2|2
afrinic|20160415|2|3|2|2
afrinic|20160515|2|3|2|2
afrinic|20160615|2|2|3|1
afrinic|20160715|2|2|3|2
afrinic|20160815|4|0|4|1
afrinic|20160915|5|0|4|1
afrinic|20161015|6|0|4|1
afrinic|20161115|6|1|4|1
afrinic|20161215|6|1|4|1
afrinic|20170115|5|1|4|1
afrinic|20170215|5|1|4|1
afrinic|20170315|6|3|3|2
afrinic|20170415|5|3|4|2
afrinic|20170515|5|3|4|2
afrinic|20170615|6|3|3|2
afrinic|20170715|6|3|3|2
afrinic|20170815|5|3|4|1
afrinic|20170915|1|2|0|1
afrinic|20171015|5|3|2|1
afrinic|20171115|6|3|2|1
afrinic|20171215|6|4|2|1
afrinic|20180115|7|4|2|1
afrinic|20180215|8|4|3|1
afrinic|20180315|9|3|2|1
afrinic|20180415|6|2|4|1
afrinic|20180515|6|3|6|1
afrinic|20180615|6|3|6|1
afrinic|20180715|6|2|3|1
afrinic|20180815|9|5|5|1
afrinic|20180915|9|5|5|1
afrinic|20181015|5|5|5|2
afrinic|20181115|4|5|5|4
afrinic|20181215|5|7|3|3
afrinic|20190115|5|7|4|3
afrinic|20190215|5|7|4|3
afrinic|20190315|6|6|4|2
afrinic|20190415|5|6|5|2
afrinic|20190515|4|6|6|2
afrinic|20190615|5|6|5|2
afrinic|20190715|7|5|6|3
afrinic|20190815|7|5|6|3
afrinic|20190915|7|5|6|3
afrinic|20191015|9|4|7|4
afrinic|20191115|9|3|9|5
afrinic|20191215|9|3|9|5
afrinic|20200115|9|4|9|5
afrinic|20200215|9|3|7|6
afrinic|20200315|9|5|6|4
afrinic|20200415|13|6|7|4
afrinic|20200515|14|4|7|4
afrinic|20200615|12|6|6|3
afrinic|20200715|11|5|7|3
afrinic|20200815|11|5|7|3
afrinic|20200915|11|5|7|3
afrinic|20201015|13|6|8|3
afrinic|20201115|13|6|8|3
afrinic|20201215|13|6|8|3
afrinic|20210115|13|9|7|5
afrinic|20210215|13|9|7|5
afrinic|20210315|17|9|6|6
afrinic|20210415|17|8|8|6
afrinic|20210515|17|8|8|6
afrinic|20210615|17|8|6|6
afrinic|20210715|18|8|7|5
afrinic|20210815|19|9|6|5
afrinic|20210915|15|10|8|5
afrinic|20211015|16|10|9|5
afrinic|20211115|17|10|7|5
afrinic|20211215|16|12|8|6
afrinic|20220115|20|11|8|5
afrinic|20220215|18|12|7|5
afrinic|20220315|15|13|6|5
afrinic|20220415|13|13|5|5
afrinic|20220515|14|11|7|5
afrinic|20220615|16|13|7|5
afrinic|20220715|14|10|7|5
afrinic|20220815|14|10|7|5
afrinic|20220915|18|10|6|4
afrinic|20221015|20|12|8|4
afrinic|20221115|22|13|7|4
afrinic|20221215|19|12|8|6
afrinic|20230115|23|12|8|5
afrinic|20230215|25|14|8|7
afrinic|20230315|23|13|9|6
afrinic|20230415|23|13|9|7
afrinic|20230515|23|13|9|7
afrinic|20230615|23|13|9|7
afrinic|20230715|19|14|8|8
afrinic|20230815|19|14|9|10
afrinic|20230915|19|14|9|10
afrinic|20231015|23|17|12|13
afrinic|20231115|23|17|12|13
afrinic|20231215|21|15|11|14
afrinic|20240115|22|16|12|13
afrinic|20240215|24|16|11|12
afrinic|20240315|24|16|11|12
afrinic|20240415|24|12|10|12
afrinic|20240515|23|12|11|11
afrinic|20240615|22|14|11|12
apnic|20140615|43|38|26|19
apnic|20140715|46|37|26|17
apnic|20140815|49|36|29|18
apnic|20140915|47|35|27|18
apnic|20141015|44|38|32|17
apnic|20141115|43|36|34|16
apnic|20141215|39|35|28|19
apnic|20150115|40|39|28|17
apnic|20150215|40|39|28|17
apnic|20150315|39|37|26|19
apnic|20150415|45|36|26|24
apnic|20150515|44|39|26|25
apnic|20150615|47|38|26|28
apnic|20150715|55|39|25|27
apnic|20150815|55|43|28|26
apnic|20150915|56|43|26|26
apnic|20151015|55|39|24|27
apnic|20151115|52|44|26|24
apnic|20151215|51|42|32|25
apnic|20160115|51|43|32|23
apnic|20160215|51|43|32|23
apnic|20160315|54|41|34|28
apnic|20160415|53|44|29|26
apnic|20160515|54|41|30|25
apnic|20160615|52|46|32|28
apnic|20160715|54|47|32|36
apnic|20160815|54|46|37|34
apnic|20160915|52|46|38|35
apnic|20161015|59|47|38|41
apnic|20161115|62|51|37|40
apnic|20161215|65|52|39|41
apnic|20170115|68|53|37|41
apnic|20170215|69|56|38|38
apnic|20170315|74|57|41|35
apnic|20170415|74|57|41|35
apnic|20170515|65|52|44|43
apnic|20170615|71|50|44|45
apnic|20170715|71|50|44|45
apnic|20170815|75|50|49|42
apnic|20170915|75|50|49|42
apnic|20171015|76|46|46|46
apnic|20171115|80|49|47|46
apnic|20171215|80|53|45|41
apnic|20180115|82|54|42|39
apnic|20180215|90|58|40|40
apnic|20180315|90|58|40|40
apnic|20180415|90|61|38|45
apnic|20180515|91|59|41|46
apnic|20180615|93|65|43|43
apnic|20180715|93|69|49|46
apnic|20180815|93|69|49|46
apnic|20180915|96|66|51|46
apnic|20181015|98|66|50|48
apnic|20181115|98|70|49|53
apnic|20181215|103|69|51|50
apnic|20190115|105|75|51|51
apnic|20190215|105|75|51|51
apnic|20190315|106|87|58|48
apnic|20190415|112|78|62|52
apnic|20190515|109|80|66|55
apnic|20190615|111|79|68|53
apnic|20190715|111|79|68|53
apnic|20190815|116|80|66|53
apnic|20190915|116|80|66|53
apnic|20191015|119|84|66|52
apnic|20191115|120|89|68|57
apnic|20191215|124|91|72|57
apnic|20200115|125|94|75|58
apnic|20200215|120|96|76|61
apnic|20200315|117|92|73|59
apnic|20200415|113|96|85|73
apnic|20200515|118|104|82|70
apnic|20200615|128|102|82|72
apnic|20200715|128|102|82|72
apnic|20200815|141|101|90|88
apnic|20200915|141|101|90|88
apnic|20201015|128|110|88|84
apnic|20201115|143|101|91|88
apnic|20201215|143|101|91|88
apnic|20210115|140|106|90|91
apnic|20210215|132|101|89|85
apnic|20210315|138|115|87|95
apnic|20210415|141|105|90|96
apnic|20210515|149|111|89|91
apnic|20210615|164|120|92|98
apnic|20210715|156|114|91|101
apnic|20210815|154|124|90|117
apnic|20210915|149|119|93|114
apnic|20211015|161|120|103|106
apnic|20211115|161|120|103|106
apnic|20211215|166|128|104|99
apnic|20220115|179|129|112|106
apnic|20220215|169|120|110|101
apnic|20220315|181|133|111|106
apnic|20220415|178|133|109|110
apnic|20220515|173|134|113|109
apnic|20220615|193|131|111|113
apnic|20220715|194|132|112|124
apnic|20220815|198|142|122|125
apnic|20220915|199|149|126|128
apnic|20221015|206|147|124|134
apnic|20221115|215|149|119|129
apnic|20221215|220|162|125|133
apnic|20230115|213|169|128|141
apnic|20230215|220|160|136|136
apnic|20230315|222|174|120|138
apnic|20230415|220|173|133|147
apnic|20230515|220|173|133|146
apnic|20230615|228|163|130|177
apnic|20230715|232|169|141|175
apnic|20230815|238|164|145|181
apnic|20230915|255|178|139|183
apnic|20231015|243|190|135|182
apnic|20231115|254|178|134|189
apnic|20231215|254|194|132|188
apnic|20240115|254|196|143|185
apnic|20240215|259|193|140|182
apnic|20240315|265|202|145|193
apnic|20240415|276|198|148|201
apnic|20240515|284|214|149|196
apnic|20240615|281|215|156|203
arin|20140615|90|45|30|36
arin|20140715|91|46|30|45
arin|20140815|92|50|29|43
arin|20140915|97|50|28|35
arin|20141015|92|53|26|38
arin|20141115|91|49|26|40
arin|20141215|94|52|27|43
arin|20150115|97|55|29|41
arin|20150215|97|55|29|41
arin|20150315|90|58|28|49
arin|20150415|94|61|31|46
arin|20150515|93|56|37|48
arin|20150615|92|58|36|53
arin|20150715|95|58|37|50
arin|20150815|94|63|38|45
arin|20150915|102|62|40|49
arin|20151015|102|62|49|55
arin|20151115|100|68|52|54
arin|20151215|106|66|54|57
arin|20160115|110|75|54|51
arin|20160215|110|75|54|51
arin|20160315|113|82|54|54
arin|20160415|118|71|55|52
arin|20160515|116|72|57|58
arin|20160615|117|72|59|53
arin|20160715|118|70|60|55
arin|20160815|121|67|58|49
arin|20160915|121|72|59|49
arin|20161015|117|74|59|48
arin|20161115|125|73|62|48
arin|20161215|123|66|64|54
arin|20170115|128|65|64|55
arin|20170215|126|66|69|55
arin|20170315|119|62|66|61
arin|20170415|119|62|66|61
arin|20170515|121|68|66|53
arin|20170615|124|66|67|56
arin|20170715|124|66|67|56
arin|20170815|131|66|66|51
arin|20170915|131|66|66|51
arin|20171015|127|75|70|58
arin|20171115|138|76|72|59
arin|20171215|138|72|76|52
arin|20180115|132|80|75|56
arin|20180215|131|76|82|58
arin|20180315|156|76|79|60
arin|20180415|145|80|82|56
arin|20180515|146|82|79|60
arin|20180615|155|88|81|61
arin|20180715|164|89|79|63
arin|20180815|164|89|79|63
arin|20180915|155|93|79|61
arin|20181015|148|92|73|62
arin|20181115|137|100|72|68
arin|20181215|138|100|77|68
arin|20190115|142|100|73|71
arin|20190215|142|100|73|71
arin|20190315|141|104|71|73
arin|20190415|143|110|75|72
arin|20190515|151|104|80|74
arin|20190615|151|106|81|68
arin|20190715|151|106|81|68
arin|20190815|158|111|83|75
arin|20190915|158|111|83|75
arin|20191015|161|111|88|74
arin|20191115|165|112|89|78
arin|20191215|164|116|89|76
arin|20200115|174|117|93|81
arin|20200215|176|123|95|78
arin|20200315|151|113|94|63
arin|20200415|172|121|94|81
arin|20200515|163|122|99|83
arin|20200615|166|125|92|79
arin|20200715|172|118|90|82
arin|20200815|172|118|90|82
arin|20200915|172|118|90|82
arin|20201015|182|119|100|85
arin|20201115|182|119|100|85
arin|20201215|182|119|100|85
arin|20210115|177|119|104|87
arin|20210215|183|123|101|91
arin|20210315|183|122|103|92
arin|20210415|188|120|104|98
arin|20210515|195|125|99|96
arin|20210615|196|128|99|90
arin|20210715|196|121|95|88
arin|20210815|203|118|98|91
arin|20210915|206|113|93|86
arin|20211015|223|109|98|99
arin|20211115|223|109|98|99
arin|20211215|210|108|95|102
arin|20220115|220|110|96|106
arin|20220215|209|110|89|107
arin|20220315|226|113|89|111
arin|20220415|209|108|92|105
arin|20220515|209|112|94|108
arin|20220615|209|119|93|106
arin|20220715|206|110|91|106
arin|20220815|220|119|88|110
arin|20220915|219|120|92|112
arin|20221015|210|120|97|115
arin|20221115|216|119|97|115
arin|20221215|216|117|102|112
arin|20230115|212|116|106|110
arin|20230215|216|113|101|109
arin|20230315|211|113|102|108
arin|20230415|225|116|104|113
arin|20230515|242|117|105|112
arin|20230615|249|115|103|115
arin|20230715|246|116|104|113
arin|20230815|240|118|100|111
arin|20230915|254|124|111|117
arin|20231015|239|127|111|128
arin|20231115|241|125|110|126
arin|20231215|243|128|116|122
arin|20240115|245|130|114|117
arin|20240215|244|135|111|121
arin|20240315|236|134|118|122
arin|20240415|244|140|117|124
arin|20240515|243|141|111|125
arin|20240615|243|144|107|127
internet|20140615|335|216|157|142
internet|20140715|341|219|165|154
internet|20140815|341|227|163|153
internet|20140915|352|214|159|143
internet|20141015|353|210|164|142
internet|20141115|352|208|165|164
internet|20141215|352|203|164|162
internet|20150115|364|218|175|163
internet|20150215|364|218|175|163
internet|20150315|362|224|177|181
internet|20150415|366|232|175|187
internet|20150515|367|233|179|192
internet|20150615|374|246|187|200
internet|20150715|397|251|184|198
internet|20150815|395|250|195|194
internet|20150915|397|253|200|198
internet|20151015|400|255|214|208
internet|20151115|395|263|222|207
internet|20151215|403|260|215|212
internet|20160115|418|271|219|205
internet|20160215|418|271|219|205
internet|20160315|441|284|226|210
internet|20160415|445|273|230|206
internet|20160515|444|281|245|215
internet|20160615|447|291|256|218
internet|20160715|454|292|263|230
internet|20160815|470|282|263|227
internet|20160915|472|281|276|231
internet|20161015|468|288|270|232
internet|20161115|500|290|278|224
internet|20161215|513|286|281|234
internet|20170115|513|286|276|242
internet|20170215|511|289|286|247
internet|20170315|526|292|289|250
internet|20170415|526|292|289|250
internet|20170515|516|317|286|260
internet|20170615|537|316|278|260
internet|20170715|537|316|278|260
internet|20170815|561|313|292|260
internet|20170915|561|313|292|260
internet|20171015|558|324|303|283
internet|20171115|591|340|307|293
internet|20171215|606|351|321|284
internet|20180115|606|351|321|284
internet|20180215|612|359|326|299
internet|20180315|612|359|326|299
internet|20180415|636|364|330|313
internet|20180515|644|367|343|315
internet|20180615|654|399|352|314
internet|20180715|673|409|373|331
internet|20180815|673|409|373|331
internet|20180915|676|413|364|335
internet|20181015|671|410|373|336
internet|20181115|660|437|374|363
internet|20181215|684|445|393|366
internet|20190115|676|458|396|373
internet|20190215|676|458|396|373
internet|20190315|722|478|390|389
internet|20190415|738|473|401|404
internet|20190515|758|483|432|422
internet|20190615|780|498|438|409
internet|20190715|780|498|438|409
internet|20190815|802|513|445|416
internet|20190915|802|513|445|416
internet|20191015|822|535|459|431
internet|20191115|841|549|461|443
internet|20191215|838|566|475|431
internet|20200115|872|571|468|450
internet|20200215|894|582|474|460
internet|20200315|854|545|455|417
internet|20200415|932|600|489|503
internet|20200515|920|615|500|511
internet|20200615|939|605|485|497
internet|20200715|970|621|489|513
internet|20200815|970|657|621|507
internet|20200915|1026|685|638|534
internet|20201015|1006|709|603|527
internet|20201115|1023|681|532|543
internet|20201215|1070|688|608|566
internet|20210115|1059|720|613|569
internet|20210215|1064|731|546|576
internet|20210315|1110|725|551|589
internet|20210415|1112|740|564|609
internet|20210515|1178|752|579|615
internet|20210615|1227|771|621|621
internet|20210715|1221|747|615|601
internet|20210815|1232|768|702|635
internet|20210915|1201|755|635|602
internet|20211015|1266|765|676|656
internet|20211115|1282|766|663|630
internet|20211215|1238|781|655|633
internet|20220115|1295|822|685|646
internet|20220215|1241|792|629|659
internet|20220315|1313|824|683|697
internet|20220415|1266|826|658|685
internet|20220515|1288|851|679|688
internet|20220615|1368|882|681|706
internet|20220715|1393|854|676|720
internet|20220815|1424|900|695|734
internet|20220915|1441|916|709|756
internet|20221015|1432|934|722|760
internet|20221115|1477|931|713|771
internet|20221215|1493|968|729|771
internet|20230115|1500|954|752|795
internet|20230215|1564|970|770|801
internet|20230315|1541|995|744|788
internet|20230415|1613|1002|783|829
internet|20230515|1638|1011|821|831
internet|20230615|1656|1004|813|887
internet|20230715|1679|1011|834|873
internet|20230815|1694|1031|798|893
internet|20230915|1742|1077|847|929
internet|20231015|1731|1071|866|942
internet|20231115|1764|1055|849|970
internet|20231215|1788|1053|888|996
internet|20240115|1806|1084|866|987
internet|20240215|1804|1117|864|1001
internet|20240315|1826|1136|885|1005
internet|20240415|1860|1138|919|1022
internet|20240515|1873|1181|900|1047
internet|20240615|1868|1180|925|1069
lacnic|20140615|7|11|7|8
lacnic|20140715|7|11|7|8
lacnic|20140815|7|13|6|9
lacnic|20140915|5|15|6|9
lacnic|20141015|5|15|6|9
lacnic|20141115|6|11|9|12
lacnic|20141215|9|13|11|9
lacnic|20150115|9|13|11|9
lacnic|20150215|9|13|11|9
lacnic|20150315|10|12|12|10
lacnic|20150415|11|11|12|10
lacnic|20150515|14|15|10|14
lacnic|20150615|14|15|10|14
lacnic|20150715|15|12|11|12
lacnic|20150815|14|13|14|12
lacnic|20150915|14|13|14|12
lacnic|20151015|10|17|19|11
lacnic|20151115|13|16|22|12
lacnic|20151215|13|16|22|12
lacnic|20160115|16|18|22|10
lacnic|20160215|16|18|22|10
lacnic|20160315|22|12|27|14
lacnic|20160415|22|12|27|14
lacnic|20160515|19|25|30|13
lacnic|20160615|19|24|29|13
lacnic|20160715|25|27|30|15
lacnic|20160815|27|25|31|16
lacnic|20160915|27|22|36|19
lacnic|20161015|26|25|33|20
lacnic|20161115|30|27|34|15
lacnic|20161215|36|29|34|19
lacnic|20170115|36|26|34|18
lacnic|20170215|33|26|37|18
lacnic|20170315|33|31|42|22
lacnic|20170415|33|31|42|22
lacnic|20170515|43|39|40|25
lacnic|20170615|47|35|38|20
lacnic|20170715|18|11|16|13
lacnic|20170815|47|30|42|25
lacnic|20170915|47|30|42|25
lacnic|20171015|51|30|41|34
lacnic|20171115|58|35|46|39
lacnic|20171215|53|41|48|39
lacnic|20180115|52|42|48|42
lacnic|20180215|50|46|50|45
lacnic|20180315|50|46|50|45
lacnic|20180415|58|39|49|56
lacnic|20180515|62|49|51|51
lacnic|20180615|68|62|61|52
lacnic|20180715|69|63|76|54
lacnic|20180815|69|63|76|54
lacnic|20180915|71|62|61|62
lacnic|20181015|71|68|73|60
lacnic|20181115|75|77|73|66
lacnic|20181215|74|81|83|76
lacnic|20190115|75|82|96|79
lacnic|20190215|75|82|96|79
lacnic|20190315|88|89|94|81
lacnic|20190415|86|77|95|91
lacnic|20190515|99|84|111|105
lacnic|20190615|110|96|111|103
lacnic|20190715|110|96|111|103
lacnic|20190815|116|100|114|106
lacnic|20190915|116|100|114|106
lacnic|20191015|128|107|119|123
lacnic|20191115|125|117|115|123
lacnic|20191215|120|125|114|120
lacnic|20200115|132|123|105|127
lacnic|20200215|145|118|111|137
lacnic|20200315|147|113|118|140
lacnic|20200415|160|122|112|158
lacnic|20200515|165|134|119|162
lacnic|20200615|178|127|116|158
lacnic|20200715|194|132|118|159
lacnic|20200815|185|152|133|148
lacnic|20200915|214|155|144|171
lacnic|20201015|220|159|152|167
lacnic|20201115|223|170|150|173
lacnic|20201215|240|175|152|184
lacnic|20210115|237|201|154|177
lacnic|20210215|237|209|153|184
lacnic|20210315|246|196|163|190
lacnic|20210415|263|213|170|199
lacnic|20210515|277|221|186|213
lacnic|20210615|292|231|219|211
lacnic|20210715|292|222|218|211
lacnic|20210815|300|237|229|217
lacnic|20210915|316|245|232|198
lacnic|20211015|308|241|245|233
lacnic|20211115|312|231|242|225
lacnic|20211215|321|247|233|230
lacnic|20220115|318|263|246|226
lacnic|20220215|327|266|229|238
lacnic|20220315|327|264|258|255
lacnic|20220415|330|282|245|255
lacnic|20220515|338|303|259|253
lacnic|20220615|362|312|251|261
lacnic|20220715|392|316|254|263
lacnic|20220815|391|324|252|266
lacnic|20220915|401|342|256|280
lacnic|20221015|407|348|267|282
lacnic|20221115|414|355|270|306
lacnic|20221215|423|364|276|309
lacnic|20230115|430|349|277|321
lacnic|20230215|460|362|299|326
lacnic|20230315|456|381|300|318
lacnic|20230415|504|372|300|332
lacnic|20230515|500|385|323|333
lacnic|20230615|509|393|327|342
lacnic|20230715|531|387|342|344
lacnic|20230815|547|402|303|360
lacnic|20230915|544|410|346|388
lacnic|20231015|546|384|346|398
lacnic|20231115|561|401|342|417
lacnic|20231215|570|380|362|440
lacnic|20240115|587|391|341|442
lacnic|20240215|561|422|345|451
lacnic|20240315|576|435|355|439
lacnic|20240415|588|434|379|437
lacnic|20240515|603|460|363|469
lacnic|20240615|606|453|370|485
ripencc|20140615|193|120|92|79
ripencc|20140715|191|127|96|83
ripencc|20140815|191|127|96|83
ripencc|20140915|201|113|95|81
ripencc|20141015|209|105|92|79
ripencc|20141115|210|111|93|96
ripencc|20141215|209|109|95|91
ripencc|20150115|216|110|106|96
ripencc|20150215|216|110|106|96
ripencc|20150315|221|116|110|103
ripencc|20150415|213|123|105|106
ripencc|20150515|218|127|106|106
ripencc|20150615|219|134|114|104
ripencc|20150715|230|138|109|108
ripencc|20150815|230|128|113|109
ripencc|20150915|227|132|118|109
ripencc|20151015|230|134|121|114
ripencc|20151115|228|132|121|115
ripencc|20151215|230|130|107|119
ripencc|20160115|239|132|109|119
ripencc|20160215|239|132|109|119
ripencc|20160315|252|142|114|117
ripencc|20160415|250|143|117|112
ripencc|20160515|253|140|126|117
ripencc|20160615|257|147|133|123
ripencc|20160715|255|146|138|122
ripencc|20160815|264|144|133|127
ripencc|20160915|267|141|139|127
ripencc|20161015|260|142|136|122
ripencc|20161115|277|138|141|120
ripencc|20161215|283|138|140|119
ripencc|20170115|275|141|137|128
ripencc|20170215|278|140|138|135
ripencc|20170315|294|139|137|130
ripencc|20170415|294|139|137|130
ripencc|20170515|282|155|132|137
ripencc|20170615|289|162|126|137
ripencc|20170715|289|162|126|137
ripencc|20170815|303|164|131|141
ripencc|20170915|303|164|131|141
ripencc|20171015|299|170|144|144
ripencc|20171115|309|177|140|148
ripencc|20171215|329|181|150|151
ripencc|20180115|322|173|147|152
ripencc|20180215|333|175|151|155
ripencc|20180315|382|175|162|162
ripencc|20180415|337|182|157|155
ripencc|20180515|339|174|166|157
ripencc|20180615|331|181|162|158
ripencc|20180715|341|186|166|167
ripencc|20180815|341|186|166|167
ripencc|20180915|345|187|168|165
ripencc|20181015|349|179|172|164
ripencc|20181115|346|185|175|172
ripencc|20181215|364|188|179|169
ripencc|20190115|349|194|172|169
ripencc|20190215|349|194|172|169
ripencc|20190315|381|192|163|185
ripencc|20190415|392|202|164|187
ripencc|20190515|395|209|169|186
ripencc|20190615|403|211|173|183
ripencc|20190715|403|211|173|183
ripencc|20190815|405|217|176|179
ripencc|20190915|405|217|176|179
ripencc|20191015|405|229|179|178
ripencc|20191115|421|228|184|181
ripencc|20191215|421|231|191|173
ripencc|20200115|432|233|186|179
ripencc|20200215|444|242|185|178
ripencc|20200315|430|222|164|151
ripencc|20200415|474|255|191|187
ripencc|20200515|460|251|193|192
ripencc|20200615|455|245|189|185
ripencc|20200715|463|274|190|191
ripencc|20200815|461|286|286|193
ripencc|20200915|477|306|290|195
ripencc|20201015|466|317|259|195
ripencc|20201115|475|292|194|200
ripencc|20201215|493|286|254|204
ripencc|20210115|492|287|255|209
ripencc|20210215|499|289|196|211
ripencc|20210315|526|283|192|206
ripencc|20210415|504|292|193|211
ripencc|20210515|540|287|197|209
ripencc|20210615|558|284|205|216
ripencc|20210715|559|282|204|196
ripencc|20210815|556|280|279|205
ripencc|20210915|515|268|209|199
ripencc|20211015|562|283|223|208
ripencc|20211115|565|292|217|204
ripencc|20211215|525|286|215|196
ripencc|20220115|558|309|223|203
ripencc|20220215|518|284|194|208
ripencc|20220315|564|301|219|220
ripencc|20220415|536|290|207|210
ripencc|20220515|554|291|206|213
ripencc|20220615|588|307|219|221
ripencc|20220715|587|286|212|222
ripencc|20220815|596|306|226|228
ripencc|20220915|604|295|229|232
ripencc|20221015|589|307|226|225
ripencc|20221115|610|295|220|217
ripencc|20221215|615|313|218|211
ripencc|20230115|622|308|233|218
ripencc|20230215|643|321|226|223
ripencc|20230315|629|314|213|218
ripencc|20230415|641|328|237|230
ripencc|20230515|655|323|250|233
ripencc|20230615|650|320|242|244
ripencc|20230715|651|325|239|233
ripencc|20230815|650|333|241|231
ripencc|20230915|667|350|241|232
ripencc|20231015|680|354|262|225
ripencc|20231115|685|334|251|225
ripencc|20231215|700|336|267|232
ripencc|20240115|698|351|256|230
ripencc|20240215|716|351|257|235
ripencc|20240315|725|352|258|238
ripencc|20240415|728|354|265|248
ripencc|20240515|720|354|266|246
ripencc|20240615|716|354|281|242
