#region|date|observed_ases|use_aspp
afrinic|20140615|112|6
afrinic|20140715|114|6
afrinic|20140815|118|6
afrinic|20140915|119|6
afrinic|20141015|119|6
afrinic|20141115|120|6
afrinic|20141215|118|5
afrinic|20150115|119|4
afrinic|20150215|119|4
afrinic|20150315|124|4
afrinic|20150415|125|6
afrinic|20150515|124|5
afrinic|20150615|124|5
afrinic|20150715|130|9
afrinic|20150815|131|9
afrinic|20150915|127|8
afrinic|20151015|130|8
afrinic|20151115|130|8
afrinic|20151215|132|8
afrinic|20160115|135|9
afrinic|20160215|135|9
afrinic|20160315|138|9
afrinic|20160415|148|9
afrinic|20160515|140|9
afrinic|20160615|144|8
afrinic|20160715|154|9
afrinic|20160815|160|9
afrinic|20160915|169|10
afrinic|20161015|175|11
afrinic|20161115|184|12
afrinic|20161215|186|12
afrinic|20170115|183|11
afrinic|20170215|187|11
afrinic|20170315|190|14
afrinic|20170415|190|14
afrinic|20170515|189|14
afrinic|20170615|194|14
afrinic|20170715|194|14
afrinic|20170815|202|13
afrinic|20170915|202|13
afrinic|20171015|211|11
afrinic|20171115|223|12
afrinic|20171215|224|13
afrinic|20180115|225|14
afrinic|20180215|228|16
afrinic|20180315|228|15
afrinic|20180415|228|13
afrinic|20180515|227|16
afrinic|20180615|234|15
afrinic|20180715|240|12
afrinic|20180815|240|12
afrinic|20180915|265|20
afrinic|20181015|265|17
afrinic|20181115|271|18
afrinic|20181215|278|18
afrinic|20190115|273|19
afrinic|20190215|273|19
afrinic|20190315|277|18
afrinic|20190415|280|18
afrinic|20190515|284|18
afrinic|20190615|289|18
afrinic|20190715|289|18
afrinic|20190815|304|21
afrinic|20190915|304|21
afrinic|20191015|310|24
afrinic|20191115|312|22
afrinic|20191215|319|26
afrinic|20200115|326|27
afrinic|20200215|321|25
afrinic|20200315|324|24
afrinic|20200415|332|30
afrinic|20200515|336|29
afrinic|20200615|324|27
afrinic|20200715|341|26
afrinic|20200815|346|33
afrinic|20200915|351|31
afrinic|20201015|335|31
afrinic|20201115|338|30
afrinic|20201215|356|35
afrinic|20210115|390|35
afrinic|20210215|435|34
afrinic|20210315|443|38
afrinic|20210415|449|38
afrinic|20210515|454|39
afrinic|20210615|469|37
afrinic|20210715|464|38
afrinic|20210815|465|39
afrinic|20210915|472|38
afrinic|20211015|466|40
afrinic|20211115|483|39
afrinic|20211215|492|42
afrinic|20220115|485|44
afrinic|20220215|488|42
afrinic|20220315|490|39
afrinic|20220415|484|36
afrinic|20220515|489|37
afrinic|20220615|492|41
afrinic|20220715|497|36
afrinic|20220815|512|40
afrinic|20220915|493|38
afrinic|20221015|497|44
afrinic|20221115|498|46
afrinic|20221215|513|45
afrinic|20230115|523|48
afrinic|20230215|543|54
afrinic|20230315|550|51
afrinic|20230415|548|52
afrinic|20230515|544|51
afrinic|20230615|536|53
afrinic|20230715|542|49
afrinic|20230815|542|52
afrinic|20230915|559|56
afrinic|20231015|559|60
afrinic|20231115|558|65
afrinic|20231215|553|61
afrinic|20240115|556|63
afrinic|20240215|562|63
afrinic|20240315|541|59
afrinic|20240415|569|58
afrinic|20240515|575|57
afrinic|20240615|566|59
arin|20140615|2141|201
arin|20140715|2166|212
arin|20140815|2190|214
arin|20140915|2202|210
arin|20141015|2219|209
arin|20141115|2246|206
arin|20141215|2264|216
arin|20150115|2305|222
arin|20150215|2305|222
arin|20150315|2339|225
arin|20150415|2332|232
arin|20150515|2364|234
arin|20150615|2416|239
arin|20150715|2435|240
arin|20150815|2468|240
arin|20150915|2458|253
arin|20151015|2492|268
arin|20151115|2539|274
arin|20151215|2572|283
arin|20160115|2594|290
arin|20160215|2594|290
arin|20160315|2682|303
arin|20160415|2678|296
arin|20160515|2729|303
arin|20160615|2723|301
arin|20160715|2773|303
arin|20160815|2787|295
arin|20160915|2769|301
arin|20161015|2824|298
arin|20161115|2816|308
arin|20161215|2867|307
arin|20170115|2866|312
arin|20170215|2900|316
arin|20170315|2924|308
arin|20170415|2924|308
arin|20170515|2934|308
arin|20170615|2986|313
arin|20170715|2986|313
arin|20170815|3091|314
arin|20170915|3091|314
arin|20171015|3143|330
arin|20171115|3182|345
arin|20171215|3187|338
arin|20180115|3210|343
arin|20180215|3214|347
arin|20180315|3198|371
arin|20180415|3221|363
arin|20180515|3251|367
arin|20180615|3272|385
arin|20180715|3318|395
arin|20180815|3318|395
arin|20180915|3307|388
arin|20181015|3345|375
arin|20181115|3325|377
arin|20181215|3354|383
arin|20190115|3348|386
arin|20190215|3348|386
arin|20190315|3396|389
arin|20190415|3402|400
arin|20190515|3425|409
arin|20190615|3433|406
arin|20190715|3433|406
arin|20190815|3464|427
arin|20190915|3464|427
arin|20191015|3518|434
arin|20191115|3524|444
arin|20191215|3539|445
arin|20200115|3589|465
arin|20200215|3602|472
arin|20200315|3616|421
arin|20200415|3627|468
arin|20200515|3637|467
arin|20200615|3639|462
arin|20200715|3679|462
arin|20200815|3673|485
arin|20200915|3715|480
arin|20201015|3722|469
arin|20201115|3744|473
arin|20201215|3754|486
arin|20210115|3754|487
arin|20210215|3792|498
arin|20210315|3793|500
arin|20210415|3815|510
arin|20210515|3836|515
arin|20210615|3881|513
arin|20210715|3875|500
arin|20210815|3899|510
arin|20210915|3926|498
arin|20211015|3936|530
arin|20211115|3944|529
arin|20211215|3940|515
arin|20220115|3963|532
arin|20220215|3985|515
arin|20220315|4021|539
arin|20220415|4041|514
arin|20220515|4062|523
arin|20220615|4087|527
arin|20220715|4134|513
arin|20220815|4171|537
arin|20220915|4165|543
arin|20221015|4154|542
arin|20221115|4189|547
arin|20221215|4211|547
arin|20230115|4223|544
arin|20230215|4246|539
arin|20230315|4303|534
arin|20230415|4300|558
arin|20230515|4319|576
arin|20230615|4348|582
arin|20230715|4360|579
arin|20230815|4392|569
arin|20230915|4447|606
arin|20231015|4431|605
arin|20231115|4413|602
arin|20231215|4435|609
arin|20240115|4486|606
arin|20240215|4536|611
arin|20240315|4541|610
arin|20240415|4558|625
arin|20240515|4620|620
arin|20240615|4638|621
apnic|20140615|1237|126
apnic|20140715|1235|126
apnic|20140815|1262|132
apnic|20140915|1271|127
apnic|20141015|1280|131
apnic|20141115|1291|129
apnic|20141215|1305|121
apnic|20150115|1306|124
apnic|20150215|1306|124
apnic|20150315|1328|121
apnic|20150415|1342|131
apnic|20150515|1361|134
apnic|20150615|1360|139
apnic|20150715|1381|146
apnic|20150815|1383|152
apnic|20150915|1383|151
apnic|20151015|1401|145
apnic|20151115|1442|146
apnic|20151215|1457|150
apnic|20160115|1463|149
apnic|20160215|1463|149
apnic|20160315|1520|157
apnic|20160415|1524|152
apnic|20160515|1536|150
apnic|20160615|1550|158
apnic|20160715|1565|169
apnic|20160815|1578|171
apnic|20160915|1620|171
apnic|20161015|1662|185
apnic|20161115|1661|190
apnic|20161215|1708|197
apnic|20170115|1701|199
apnic|20170215|1728|201
apnic|20170315|1744|207
apnic|20170415|1744|207
apnic|20170515|1765|204
apnic|20170615|1820|210
apnic|20170715|1820|210
apnic|20170815|1837|216
apnic|20170915|1837|216
apnic|20171015|1856|214
apnic|20171115|1901|222
apnic|20171215|1923|219
apnic|20180115|1946|217
apnic|20180215|1986|228
apnic|20180315|2000|262
apnic|20180415|2017|234
apnic|20180515|2053|237
apnic|20180615|2085|244
apnic|20180715|2156|257
apnic|20180815|2156|257
apnic|20180915|2218|259
apnic|20181015|2248|262
apnic|20181115|2273|270
apnic|20181215|2322|273
apnic|20190115|2337|282
apnic|20190215|2337|282
apnic|20190315|2366|299
apnic|20190415|2402|304
apnic|20190515|2433|310
apnic|20190615|2441|311
apnic|20190715|2441|311
apnic|20190815|2485|315
apnic|20190915|2485|315
apnic|20191015|2558|321
apnic|20191115|2569|334
apnic|20191215|2596|344
apnic|20200115|2625|352
apnic|20200215|2642|353
apnic|20200315|2650|341
apnic|20200415|2702|367
apnic|20200515|2729|374
apnic|20200615|2747|384
apnic|20200715|2803|384
apnic|20200815|2804|393
apnic|20200915|2865|420
apnic|20201015|2874|410
apnic|20201115|2890|399
apnic|20201215|2937|423
apnic|20210115|2947|427
apnic|20210215|3011|407
apnic|20210315|3031|435
apnic|20210415|3071|432
apnic|20210515|3125|440
apnic|20210615|7358|474
apnic|20210715|7347|462
apnic|20210815|7445|485
apnic|20210915|7500|475
apnic|20211015|7536|490
apnic|20211115|7540|485
apnic|20211215|7605|497
apnic|20220115|7721|526
apnic|20220215|7743|500
apnic|20220315|7816|531
apnic|20220415|7807|530
apnic|20220515|7814|529
apnic|20220615|7846|548
apnic|20220715|7904|562
apnic|20220815|7972|587
apnic|20220915|8000|602
apnic|20221015|8028|611
apnic|20221115|8126|612
apnic|20221215|8203|640
apnic|20230115|8255|651
apnic|20230215|8339|652
apnic|20230315|8448|654
apnic|20230415|8447|673
apnic|20230515|8466|672
apnic|20230615|8510|698
apnic|20230715|8517|717
apnic|20230815|8635|728
apnic|20230915|8735|755
apnic|20231015|8741|750
apnic|20231115|8747|755
apnic|20231215|8724|768
apnic|20240115|8803|778
apnic|20240215|8833|774
apnic|20240315|8878|805
apnic|20240415|8919|823
apnic|20240515|8947|843
apnic|20240615|8965|855
lacnic|20140615|662|33
lacnic|20140715|680|34
lacnic|20140815|706|35
lacnic|20140915|740|35
lacnic|20141015|776|38
lacnic|20141115|820|38
lacnic|20141215|855|35
lacnic|20150115|856|42
lacnic|20150215|856|42
lacnic|20150315|901|44
lacnic|20150415|937|44
lacnic|20150515|972|41
lacnic|20150615|1035|53
lacnic|20150715|1065|50
lacnic|20150815|1109|53
lacnic|20150915|1159|50
lacnic|20151015|1217|57
lacnic|20151115|1277|63
lacnic|20151215|1368|63
lacnic|20160115|1411|66
lacnic|20160215|1411|66
lacnic|20160315|1495|67
lacnic|20160415|1544|75
lacnic|20160515|1576|87
lacnic|20160615|1632|85
lacnic|20160715|1718|97
lacnic|20160815|1750|99
lacnic|20160915|1786|104
lacnic|20161015|1802|104
lacnic|20161115|1838|106
lacnic|20161215|1903|118
lacnic|20170115|1936|114
lacnic|20170215|2051|114
lacnic|20170315|2102|128
lacnic|20170415|2102|128
lacnic|20170515|2184|147
lacnic|20170615|2224|140
lacnic|20170715|2224|140
lacnic|20170815|2350|144
lacnic|20170915|2350|144
lacnic|20171015|2435|156
lacnic|20171115|2598|178
lacnic|20171215|2585|181
lacnic|20180115|2605|184
lacnic|20180215|2666|191
lacnic|20180315|2711|281
lacnic|20180415|2762|202
lacnic|20180515|2821|213
lacnic|20180615|2918|243
lacnic|20180715|3034|262
lacnic|20180815|3034|262
lacnic|20180915|3060|256
lacnic|20181015|3123|272
lacnic|20181115|3199|291
lacnic|20181215|3299|314
lacnic|20190115|3355|332
lacnic|20190215|3355|332
lacnic|20190315|3425|352
lacnic|20190415|3473|349
lacnic|20190515|3590|399
lacnic|20190615|3665|420
lacnic|20190715|3665|420
lacnic|20190815|3859|436
lacnic|20190915|3859|436
lacnic|20191015|4067|477
lacnic|20191115|4135|480
lacnic|20191215|4222|479
lacnic|20200115|4336|487
lacnic|20200215|4424|511
lacnic|20200315|4506|518
lacnic|20200415|4718|552
lacnic|20200515|4855|580
lacnic|20200615|4896|579
lacnic|20200715|5125|603
lacnic|20200815|5116|618
lacnic|20200915|5403|684
lacnic|20201015|5457|698
lacnic|20201115|5561|716
lacnic|20201215|5689|751
lacnic|20210115|5799|769
lacnic|20210215|5899|783
lacnic|20210315|6013|795
lacnic|20210415|6129|845
lacnic|20210515|6234|897
lacnic|20210615|6428|953
lacnic|20210715|6419|943
lacnic|20210815|6517|983
lacnic|20210915|6642|991
lacnic|20211015|6666|1027
lacnic|20211115|6721|1010
lacnic|20211215|6815|1031
lacnic|20220115|6833|1053
lacnic|20220215|6914|1060
lacnic|20220315|7042|1104
lacnic|20220415|7074|1112
lacnic|20220515|7118|1153
lacnic|20220615|7151|1186
lacnic|20220715|7229|1225
lacnic|20220815|7322|1233
lacnic|20220915|7399|1279
lacnic|20221015|7476|1304
lacnic|20221115|7555|1345
lacnic|20221215|7614|1372
lacnic|20230115|7641|1377
lacnic|20230215|7697|1447
lacnic|20230315|7810|1455
lacnic|20230415|7830|1508
lacnic|20230515|7896|1541
lacnic|20230615|7925|1571
lacnic|20230715|7966|1604
lacnic|20230815|8070|1612
lacnic|20230915|8222|1688
lacnic|20231015|8128|1674
lacnic|20231115|8137|1721
lacnic|20231215|8173|1752
lacnic|20240115|8228|1761
lacnic|20240215|8297|1779
lacnic|20240315|8332|1805
lacnic|20240415|8375|1838
lacnic|20240515|8447|1895
lacnic|20240615|8472|1914
ripencc|20140615|4266|484
ripencc|20140715|4309|501
ripencc|20140815|4358|497
ripencc|20140915|4404|490
ripencc|20141015|4445|485
ripencc|20141115|4511|510
ripencc|20141215|4582|504
ripencc|20150115|4631|528
ripencc|20150215|4631|528
ripencc|20150315|4739|550
ripencc|20150415|4793|547
ripencc|20150515|4840|557
ripencc|20150615|4916|571
ripencc|20150715|4951|585
ripencc|20150815|4971|580
ripencc|20150915|5016|586
ripencc|20151015|5112|599
ripencc|20151115|5185|596
ripencc|20151215|5244|586
ripencc|20160115|5281|599
ripencc|20160215|5281|599
ripencc|20160315|5452|625
ripencc|20160415|5488|622
ripencc|20160515|5570|636
ripencc|20160615|5630|660
ripencc|20160715|5669|661
ripencc|20160815|5725|668
ripencc|20160915|5781|674
ripencc|20161015|5833|660
ripencc|20161115|5884|676
ripencc|20161215|5940|680
ripencc|20170115|5978|681
ripencc|20170215|6056|691
ripencc|20170315|6122|700
ripencc|20170415|6122|700
ripencc|20170515|6236|706
ripencc|20170615|6298|714
ripencc|20170715|6298|714
ripencc|20170815|6381|739
ripencc|20170915|6381|739
ripencc|20171015|6420|757
ripencc|20171115|6550|774
ripencc|20171215|6540|811
ripencc|20180115|6589|794
ripencc|20180215|6633|814
ripencc|20180315|6663|881
ripencc|20180415|6721|831
ripencc|20180515|6781|836
ripencc|20180615|6867|832
ripencc|20180715|6985|860
ripencc|20180815|6985|860
ripencc|20180915|6965|865
ripencc|20181015|6994|864
ripencc|20181115|7045|878
ripencc|20181215|7114|900
ripencc|20190115|7128|884
ripencc|20190215|7128|884
ripencc|20190315|7218|921
ripencc|20190415|7260|945
ripencc|20190515|7344|959
ripencc|20190615|7369|970
ripencc|20190715|7369|970
ripencc|20190815|7449|977
ripencc|20190915|7449|977
ripencc|20191015|7613|991
ripencc|20191115|7663|1014
ripencc|20191215|7725|1016
ripencc|20200115|7804|1030
ripencc|20200215|7864|1049
ripencc|20200315|7864|1049
ripencc|20200415|8027|1107
ripencc|20200515|8100|1096
ripencc|20200615|8097|1074
ripencc|20200715|8272|1118
ripencc|20200815|8277|1226
ripencc|20200915|8364|1268
ripencc|20201015|8379|1237
ripencc|20201115|8440|1161
ripencc|20201215|8515|1237
ripencc|20210115|8550|1243
ripencc|20210215|8622|1243
ripencc|20210315|8698|1207
ripencc|20210415|8762|1200
ripencc|20210515|8849|1233
ripencc|20210615|8971|1263
ripencc|20210715|8916|1241
ripencc|20210815|8903|1320
ripencc|20210915|9010|1320
ripencc|20211015|9003|1276
ripencc|20211115|9042|1278
ripencc|20211215|9051|1222
ripencc|20220115|9088|1293
ripencc|20220215|9148|1204
ripencc|20220315|9207|1304
ripencc|20220415|9236|1243
ripencc|20220515|9277|1264
ripencc|20220615|9342|1335
ripencc|20220715|9430|1307
ripencc|20220815|9520|1356
ripencc|20220915|9562|1360
ripencc|20221015|9552|1347
ripencc|20221115|9611|1342
ripencc|20221215|9687|1357
ripencc|20230115|9743|1381
ripencc|20230215|9813|1413
ripencc|20230315|10002|1374
ripencc|20230415|9999|1436
ripencc|20230515|10050|1461
ripencc|20230615|10016|1456
ripencc|20230715|10067|1448
ripencc|20230815|10217|1455
ripencc|20230915|10346|1490
ripencc|20231015|10367|1521
ripencc|20231115|10391|1495
ripencc|20231215|10428|1535
ripencc|20240115|10467|1535
ripencc|20240215|10576|1559
ripencc|20240315|10664|1573
ripencc|20240415|10755|1595
ripencc|20240515|10792|1586
ripencc|20240615|10863|1593
internet|20140615|8418|850
internet|20140715|8504|879
internet|20140815|8634|884
internet|20140915|8736|868
internet|20141015|8839|869
internet|20141115|8988|889
internet|20141215|9124|881
internet|20150115|9217|920
internet|20150215|9217|920
internet|20150315|9431|944
internet|20150415|9529|960
internet|20150515|9661|971
internet|20150615|9851|1007
internet|20150715|9962|1030
internet|20150815|10062|1034
internet|20150915|10143|1048
internet|20151015|10352|1077
internet|20151115|10573|1087
internet|20151215|10773|1090
internet|20160115|10884|1113
internet|20160215|10884|1113
internet|20160315|11287|1161
internet|20160415|11382|1154
internet|20160515|11551|1185
internet|20160615|11679|1212
internet|20160715|11879|1239
internet|20160815|12000|1242
internet|20160915|12125|1260
internet|20161015|12296|1258
internet|20161115|12382|1292
internet|20161215|12603|1314
internet|20170115|12663|1317
internet|20170215|12921|1333
internet|20170315|13081|1357
internet|20170415|13081|1357
internet|20170515|13307|1379
internet|20170615|13521|1391
internet|20170715|13521|1391
internet|20170815|13860|1426
internet|20170915|13860|1426
internet|20171015|14064|1468
internet|20171115|14454|1531
internet|20171215|14459|1562
internet|20180115|14575|1552
internet|20180215|14727|1596
internet|20180315|14800|1810
internet|20180415|14949|1643
internet|20180515|15133|1669
internet|20180615|15376|1719
internet|20180715|15733|1786
internet|20180815|15733|1786
internet|20180915|15815|1788
internet|20181015|15975|1790
internet|20181115|16113|1834
internet|20181215|16367|1888
internet|20190115|16440|1902
internet|20190215|16440|1902
internet|20190315|16680|1978
internet|20190415|16814|2015
internet|20190515|17074|2095
internet|20190615|17195|2125
internet|20190715|17195|2125
internet|20190815|17559|2176
internet|20190915|17559|2176
internet|20191015|18064|2246
internet|20191115|18202|2293
internet|20191215|18400|2309
internet|20200115|18680|2361
internet|20200215|18853|2410
internet|20200315|19006|2271
internet|20200415|19404|2523
internet|20200515|19655|2545
internet|20200615|19702|2526
internet|20200715|20218|2592
internet|20200815|20214|2754
internet|20200915|20696|2882
internet|20201015|20766|2845
internet|20201115|20972|2779
internet|20201215|21250|2932
internet|20210115|21437|2959
internet|20210215|21756|2915
internet|20210315|21975|2973
internet|20210415|22224|3024
internet|20210515|22496|3123
internet|20210615|23009|3239
internet|20210715|22923|3183
internet|20210815|23130|3335
internet|20210915|23452|3192
internet|20211015|23508|3361
internet|20211115|23631|3340
internet|20211215|23805|3307
internet|20220115|23991|3447
internet|20220215|24180|3320
internet|20220315|24478|3515
internet|20220415|24545|3434
internet|20220515|24663|3505
internet|20220615|24821|3636
internet|20220715|25096|3642
internet|20220815|25398|3751
internet|20220915|25521|3821
internet|20221015|25608|3846
internet|20221115|25881|3891
internet|20221215|26130|3960
internet|20230115|26288|4000
internet|20230215|26541|4104
internet|20230315|27016|4067
internet|20230415|27025|4225
internet|20230515|27176|4299
internet|20230615|27237|4359
internet|20230715|27354|4395
internet|20230815|27759|4415
internet|20230915|28212|4594
internet|20231015|28128|4608
internet|20231115|28148|4636
internet|20231215|28215|4723
internet|20240115|28443|4742
internet|20240215|28707|4785
internet|20240315|28858|4850
internet|20240415|29078|4937
internet|20240515|29283|4999
internet|20240615|29405|5040
