#type|date|observed_ases|use_aspp
business|20140615|1386|147
business|20140715|1407|155
business|20140815|1442|154
business|20140915|1477|156
business|20141015|1503|149
business|20141115|1540|158
business|20141215|1560|155
business|20150115|1592|160
business|20150215|1592|160
business|20150315|1621|167
business|20150415|1640|168
business|20150515|1661|170
business|20150615|1705|175
business|20150715|1714|182
business|20150815|1732|186
business|20150915|1719|185
business|20151015|1748|187
business|20151115|1800|187
business|20151215|1829|193
business|20160115|1846|201
business|20160215|1846|201
business|20160315|1921|210
business|20160415|1915|202
business|20160515|1948|209
business|20160615|1955|211
business|20160715|1993|213
business|20160815|2012|221
business|20160915|2028|224
business|20161015|2070|229
business|20161115|2075|232
business|20161215|2118|231
business|20170115|2130|234
business|20170215|2169|243
business|20170315|2198|238
business|20170415|2198|238
business|20170515|2240|243
business|20170615|2294|243
business|20170715|2294|243
business|20170815|2356|251
business|20170915|2356|251
business|20171015|2397|259
business|20171115|2468|275
business|20171215|2478|281
business|20180115|2500|277
business|20180215|2532|285
business|20180315|2543|309
business|20180415|2569|286
business|20180515|2594|290
business|20180615|2638|290
business|20180715|2687|306
business|20180815|2687|306
business|20180915|2735|314
business|20181015|2759|310
business|20181115|2776|325
business|20181215|2834|335
business|20190115|2845|328
business|20190215|2845|328
business|20190315|2913|335
business|20190415|2930|342
business|20190515|2970|345
business|20190615|2977|346
business|20190715|2977|346
business|20190815|3022|354
business|20190915|3022|354
business|20191015|3094|354
business|20191115|3121|368
business|20191215|3161|371
business|20200115|3207|375
business|20200215|3245|387
business|20200315|3252|355
business|20200415|3300|407
business|20200515|3337|412
business|20200615|3362|400
business|20200715|3450|427
business|20200815|3453|456
business|20200915|3516|476
business|20201015|3527|468
business|20201115|3584|459
business|20201215|3636|467
business|20210115|3643|471
business|20210215|3729|466
business|20210315|3774|473
business|20210415|3795|484
business|20210515|3844|493
business|20210615|3925|511
business|20210715|3951|499
business|20210815|3977|533
business|20210915|4049|508
business|20211015|4084|528
business|20211115|4118|523
business|20211215|4196|512
business|20220115|4297|536
business|20220215|4349|515
business|20220315|4427|548
business|20220415|4457|535
business|20220515|4499|549
business|20220615|4558|568
business|20220715|4626|564
business|20220815|4699|579
business|20220915|4725|590
business|20221015|4737|586
business|20221115|4814|593
business|20221215|4865|589
business|20230115|4908|591
business|20230215|4987|616
business|20230315|5093|593
business|20230415|5108|611
business|20230515|5166|633
business|20230615|5200|631
business|20230715|5252|646
business|20230815|5337|654
business|20230915|5423|670
business|20231015|5462|694
business|20231115|5482|696
business|20231215|5524|709
business|20240115|5583|713
business|20240215|5660|710
business|20240315|5712|717
business|20240415|5815|734
business|20240515|5858|736
business|20240615|5959|740
education|20140615|559|54
education|20140715|554|59
education|20140815|559|59
education|20140915|563|60
education|20141015|567|62
education|20141115|569|61
education|20141215|575|62
education|20150115|577|67
education|20150215|577|67
education|20150315|580|64
education|20150415|584|71
education|20150515|590|69
education|20150615|599|74
education|20150715|596|76
education|20150815|605|76
education|20150915|602|79
education|20151015|609|79
education|20151115|610|82
education|20151215|623|78
education|20160115|630|80
education|20160215|630|80
education|20160315|642|83
education|20160415|649|83
education|20160515|657|85
education|20160615|662|89
education|20160715|666|86
education|20160815|662|88
education|20160915|662|86
education|20161015|667|87
education|20161115|670|86
education|20161215|686|85
education|20170115|686|86
education|20170215|689|88
education|20170315|691|89
education|20170415|691|89
education|20170515|698|90
education|20170615|703|91
education|20170715|703|91
education|20170815|722|92
education|20170915|722|92
education|20171015|717|96
education|20171115|723|95
education|20171215|724|97
education|20180115|734|93
education|20180215|736|98
education|20180315|745|114
education|20180415|750|104
education|20180515|756|101
education|20180615|759|106
education|20180715|768|110
education|20180815|768|110
education|20180915|778|111
education|20181015|786|111
education|20181115|785|114
education|20181215|786|110
education|20190115|788|109
education|20190215|788|109
education|20190315|791|117
education|20190415|798|116
education|20190515|812|117
education|20190615|815|118
education|20190715|815|118
education|20190815|809|120
education|20190915|809|120
education|20191015|836|124
education|20191115|835|126
education|20191215|840|129
education|20200115|839|126
education|20200215|833|129
education|20200315|842|117
education|20200415|847|130
education|20200515|851|130
education|20200615|852|130
education|20200715|855|131
education|20200815|850|133
education|20200915|859|133
education|20201015|859|132
education|20201115|868|132
education|20201215|878|135
education|20210115|888|136
education|20210215|891|139
education|20210315|890|134
education|20210415|890|130
education|20210515|897|136
education|20210615|924|144
education|20210715|936|143
education|20210815|938|147
education|20210915|945|136
education|20211015|922|139
education|20211115|928|145
education|20211215|930|142
education|20220115|928|144
education|20220215|940|140
education|20220315|953|142
education|20220415|950|137
education|20220515|953|141
education|20220615|951|144
education|20220715|964|145
education|20220815|967|149
education|20220915|954|146
education|20221015|956|152
education|20221115|962|147
education|20221215|966|150
education|20230115|968|150
education|20230215|975|148
education|20230315|975|148
education|20230415|999|159
education|20230515|999|163
education|20230615|1003|163
education|20230715|1002|164
education|20230815|1005|168
education|20230915|1017|174
education|20231015|1020|175
education|20231115|1020|172
education|20231215|1025|171
education|20240115|1036|170
education|20240215|1043|172
education|20240315|1039|172
education|20240415|1044|175
education|20240515|1043|174
education|20240615|1048|182
government|20140615|166|15
government|20140715|171|15
government|20140815|174|16
government|20140915|180|13
government|20141015|183|12
government|20141115|183|15
government|20141215|183|15
government|20150115|183|14
government|20150215|183|14
government|20150315|183|14
government|20150415|184|12
government|20150515|181|12
government|20150615|181|12
government|20150715|184|13
government|20150815|188|13
government|20150915|184|13
government|20151015|187|13
government|20151115|196|14
government|20151215|197|15
government|20160115|200|13
government|20160215|200|13
government|20160315|205|15
government|20160415|207|14
government|20160515|214|13
government|20160615|212|14
government|20160715|218|14
government|20160815|225|14
government|20160915|221|14
government|20161015|225|14
government|20161115|227|16
government|20161215|225|16
government|20170115|222|15
government|20170215|226|17
government|20170315|226|19
government|20170415|226|19
government|20170515|227|17
government|20170615|231|19
government|20170715|231|19
government|20170815|237|19
government|20170915|237|19
government|20171015|235|20
government|20171115|239|22
government|20171215|244|20
government|20180115|244|21
government|20180215|246|21
government|20180315|249|23
government|20180415|252|21
government|20180515|254|22
government|20180615|255|24
government|20180715|261|25
government|20180815|261|25
government|20180915|259|24
government|20181015|263|22
government|20181115|261|23
government|20181215|262|23
government|20190115|265|24
government|20190215|265|24
government|20190315|268|25
government|20190415|272|26
government|20190515|274|27
government|20190615|274|29
government|20190715|274|29
government|20190815|280|28
government|20190915|280|28
government|20191015|291|34
government|20191115|299|35
government|20191215|309|35
government|20200115|313|35
government|20200215|312|37
government|20200315|312|34
government|20200415|319|35
government|20200515|321|37
government|20200615|326|38
government|20200715|333|36
government|20200815|335|37
government|20200915|335|38
government|20201015|336|40
government|20201115|343|41
government|20201215|349|42
government|20210115|356|43
government|20210215|360|41
government|20210315|357|40
government|20210415|362|43
government|20210515|361|45
government|20210615|371|47
government|20210715|374|47
government|20210815|377|47
government|20210915|378|52
government|20211015|380|55
government|20211115|382|53
government|20211215|386|53
government|20220115|384|53
government|20220215|387|53
government|20220315|394|55
government|20220415|393|55
government|20220515|395|55
government|20220615|398|58
government|20220715|403|54
government|20220815|404|56
government|20220915|407|54
government|20221015|403|57
government|20221115|406|56
government|20221215|415|58
government|20230115|416|55
government|20230215|414|55
government|20230315|423|60
government|20230415|423|62
government|20230515|426|66
government|20230615|428|64
government|20230715|432|64
government|20230815|432|63
government|20230915|437|64
government|20231015|434|65
government|20231115|434|66
government|20231215|438|67
government|20240115|436|64
government|20240215|437|62
government|20240315|438|59
government|20240415|438|67
government|20240515|446|61
government|20240615|449|62
hosting|20140615|2256|256
hosting|20140715|2281|263
hosting|20140815|2308|262
hosting|20140915|2333|254
hosting|20141015|2363|260
hosting|20141115|2384|261
hosting|20141215|2409|256
hosting|20150115|2428|266
hosting|20150215|2428|266
hosting|20150315|2505|270
hosting|20150415|2528|277
hosting|20150515|2549|283
hosting|20150615|2590|291
hosting|20150715|2621|295
hosting|20150815|2636|293
hosting|20150915|2650|294
hosting|20151015|2699|321
hosting|20151115|2743|314
hosting|20151215|2771|310
hosting|20160115|2793|320
hosting|20160215|2793|320
hosting|20160315|2876|330
hosting|20160415|2911|321
hosting|20160515|2941|328
hosting|20160615|2965|346
hosting|20160715|3007|359
hosting|20160815|3046|355
hosting|20160915|3073|364
hosting|20161015|3123|358
hosting|20161115|3159|371
hosting|20161215|3197|378
hosting|20170115|3213|375
hosting|20170215|3255|377
hosting|20170315|3291|388
hosting|20170415|3291|388
hosting|20170515|3342|379
hosting|20170615|3373|388
hosting|20170715|3373|388
hosting|20170815|3437|397
hosting|20170915|3437|397
hosting|20171015|3479|409
hosting|20171115|3537|407
hosting|20171215|3574|420
hosting|20180115|3599|426
hosting|20180215|3627|434
hosting|20180315|3639|466
hosting|20180415|3684|461
hosting|20180515|3722|471
hosting|20180615|3763|492
hosting|20180715|3836|512
hosting|20180815|3836|512
hosting|20180915|3858|507
hosting|20181015|3874|506
hosting|20181115|3916|506
hosting|20181215|3959|514
hosting|20190115|3966|517
hosting|20190215|3966|517
hosting|20190315|4010|549
hosting|20190415|4029|559
hosting|20190515|4094|574
hosting|20190615|4134|576
hosting|20190715|4134|576
hosting|20190815|4189|590
hosting|20190915|4189|590
hosting|20191015|4278|612
hosting|20191115|4318|620
hosting|20191215|4352|634
hosting|20200115|4394|647
hosting|20200215|4433|648
hosting|20200315|4450|597
hosting|20200415|4510|668
hosting|20200515|4545|660
hosting|20200615|4543|656
hosting|20200715|4634|678
hosting|20200815|4665|740
hosting|20200915|4716|754
hosting|20201015|4745|731
hosting|20201115|4781|700
hosting|20201215|4820|743
hosting|20210115|4850|750
hosting|20210215|4899|736
hosting|20210315|4927|743
hosting|20210415|4987|745
hosting|20210515|5031|758
hosting|20210615|5083|781
hosting|20210715|5088|760
hosting|20210815|5126|794
hosting|20210915|5178|740
hosting|20211015|5215|786
hosting|20211115|5249|797
hosting|20211215|5273|778
hosting|20220115|5306|822
hosting|20220215|5350|779
hosting|20220315|5404|828
hosting|20220415|5403|800
hosting|20220515|5440|805
hosting|20220615|5472|845
hosting|20220715|5531|825
hosting|20220815|5593|872
hosting|20220915|5602|884
hosting|20221015|5620|881
hosting|20221115|5677|873
hosting|20221215|5720|883
hosting|20230115|5747|897
hosting|20230215|5781|919
hosting|20230315|5856|896
hosting|20230415|5905|922
hosting|20230515|5965|941
hosting|20230615|5996|945
hosting|20230715|6040|946
hosting|20230815|6111|942
hosting|20230915|6188|983
hosting|20231015|6179|990
hosting|20231115|6220|981
hosting|20231215|6279|1013
hosting|20240115|6348|991
hosting|20240215|6423|1011
hosting|20240315|6499|1030
hosting|20240415|6580|1062
hosting|20240515|6654|1056
hosting|20240615|6696|1069
isp|20140615|2674|221
isp|20140715|2714|232
isp|20140815|2755|237
isp|20140915|2783|233
isp|20141015|2826|230
isp|20141115|2897|240
isp|20141215|2952|237
isp|20150115|2985|249
isp|20150215|2985|249
isp|20150315|3062|252
isp|20150415|3101|266
isp|20150515|3147|267
isp|20150615|3234|281
isp|20150715|3291|288
isp|20150815|3339|296
isp|20150915|3402|308
isp|20151015|3504|304
isp|20151115|3589|311
isp|20151215|3692|307
isp|20160115|3744|320
isp|20160215|3744|320
isp|20160315|3903|339
isp|20160415|3970|355
isp|20160515|4039|363
isp|20160615|4122|361
isp|20160715|4203|380
isp|20160815|4258|383
isp|20160915|4338|389
isp|20161015|4386|394
isp|20161115|4438|410
isp|20161215|4534|418
isp|20170115|4565|422
isp|20170215|4690|419
isp|20170315|4780|438
isp|20170415|4780|438
isp|20170515|4891|467
isp|20170615|4991|461
isp|20170715|4991|461
isp|20170815|5156|475
isp|20170915|5156|475
isp|20171015|5282|503
isp|20171115|5491|542
isp|20171215|5470|557
isp|20180115|5521|545
isp|20180215|5601|570
isp|20180315|5642|669
isp|20180415|5711|580
isp|20180515|5813|598
isp|20180615|5945|621
isp|20180715|6110|645
isp|20180815|6110|645
isp|20180915|6180|648
isp|20181015|6293|655
isp|20181115|6369|685
isp|20181215|6518|729
isp|20190115|6583|738
isp|20190215|6583|738
isp|20190315|6728|775
isp|20190415|6801|793
isp|20190515|6932|843
isp|20190615|7014|859
isp|20190715|7014|859
isp|20190815|7260|886
isp|20190915|7260|886
isp|20191015|7515|921
isp|20191115|7586|934
isp|20191215|7715|937
isp|20200115|7850|953
isp|20200215|7980|984
isp|20200315|8117|961
isp|20200415|8375|1072
isp|20200515|8571|1094
isp|20200615|8607|1101
isp|20200715|8892|1114
isp|20200815|8910|1168
isp|20200915|9201|1251
isp|20201015|9262|1249
isp|20201115|9381|1240
isp|20201215|9543|1327
isp|20210115|9692|1340
isp|20210215|9855|1319
isp|20210315|10017|1370
isp|20210415|10169|1402
isp|20210515|10313|1467
isp|20210615|10581|1538
isp|20210715|10527|1525
isp|20210815|10667|1599
isp|20210915|10839|1547
isp|20211015|10895|1648
isp|20211115|10968|1622
isp|20211215|11069|1633
isp|20220115|11134|1701
isp|20220215|11244|1652
isp|20220315|11388|1753
isp|20220415|11473|1735
isp|20220515|11532|1779
isp|20220615|11610|1853
isp|20220715|11743|1892
isp|20220815|11889|1930
isp|20220915|12016|1978
isp|20221015|12149|2019
isp|20221115|12301|2074
isp|20221215|12470|2120
isp|20230115|12585|2150
isp|20230215|12774|2221
isp|20230315|12985|2226
isp|20230415|13056|2329
isp|20230515|13154|2363
isp|20230615|13210|2431
isp|20230715|13300|2457
isp|20230815|13526|2479
isp|20230915|13764|2579
isp|20231015|13708|2567
isp|20231115|13753|2620
isp|20231215|13850|2669
isp|20240115|13987|2707
isp|20240215|14114|2731
isp|20240315|14209|2776
isp|20240415|14308|2816
isp|20240515|14440|2901
isp|20240615|14510|2930
none|20140615|1377|157
none|20140715|1377|155
none|20140815|1396|156
none|20140915|1400|152
none|20141015|1397|156
none|20141115|1415|154
none|20141215|1445|156
none|20150115|1452|164
none|20150215|1452|164
none|20150315|1480|177
none|20150415|1492|166
none|20150515|1533|170
none|20150615|1542|174
none|20150715|1556|176
none|20150815|1562|170
none|20150915|1586|169
none|20151015|1605|173
none|20151115|1635|179
none|20151215|1661|187
none|20160115|1671|179
none|20160215|1671|179
none|20160315|1740|184
none|20160415|1730|179
none|20160515|1752|187
none|20160615|1763|191
none|20160715|1792|187
none|20160815|1797|181
none|20160915|1803|183
none|20161015|1825|176
none|20161115|1813|177
none|20161215|1843|186
none|20170115|1847|185
none|20170215|1892|189
none|20170315|1895|185
none|20170415|1895|185
none|20170515|1909|183
none|20170615|1929|189
none|20170715|1929|189
none|20170815|1952|192
none|20170915|1952|192
none|20171015|1954|181
none|20171115|1996|190
none|20171215|1969|187
none|20180115|1977|190
none|20180215|1985|188
none|20180315|1982|229
none|20180415|1983|191
none|20180515|1994|187
none|20180615|2016|186
none|20180715|2071|188
none|20180815|2071|188
none|20180915|2005|184
none|20181015|2000|186
none|20181115|2006|181
none|20181215|2008|177
none|20190115|1993|186
none|20190215|1993|186
none|20190315|1970|177
none|20190415|1984|179
none|20190515|1992|189
none|20190615|1981|197
none|20190715|1981|197
none|20190815|1999|198
none|20190915|1999|198
none|20191015|2050|201
none|20191115|2043|210
none|20191215|2023|203
none|20200115|2077|225
none|20200215|2050|225
none|20200315|2033|207
none|20200415|2053|211
none|20200515|2030|212
none|20200615|2012|201
none|20200715|2054|206
none|20200815|2001|220
none|20200915|2069|230
none|20201015|2037|225
none|20201115|2015|207
none|20201215|2024|218
none|20210115|2008|219
none|20210215|2022|214
none|20210315|2010|213
none|20210415|2021|220
none|20210515|2050|224
none|20210615|2125|218
none|20210715|2047|209
none|20210815|2045|215
none|20210915|2063|209
none|20211015|2012|205
none|20211115|1986|200
none|20211215|1951|189
none|20220115|1942|191
none|20220215|1910|181
none|20220315|1912|189
none|20220415|1869|172
none|20220515|1844|176
none|20220615|1832|168
none|20220715|1829|162
none|20220815|1846|165
none|20220915|1817|169
none|20221015|1743|151
none|20221115|1721|148
none|20221215|1694|160
none|20230115|1664|157
none|20230215|1610|145
none|20230315|1656|139
none|20230415|1534|142
none|20230515|1466|133
none|20230615|1400|125
none|20230715|1328|118
none|20230815|1348|109
none|20230915|1383|124
none|20231015|1325|117
none|20231115|1239|101
none|20231215|1099|94
none|20240115|1053|97
none|20240215|1030|99
none|20240315|961|96
none|20240415|893|83
none|20240515|842|71
none|20240615|743|57
internet|20140615|8418|850
internet|20140715|8504|879
internet|20140815|8634|884
internet|20140915|8736|868
internet|20141015|8839|869
internet|20141115|8988|889
internet|20141215|9124|881
internet|20150115|9217|920
internet|20150215|9217|920
internet|20150315|9431|944
internet|20150415|9529|960
internet|20150515|9661|971
internet|20150615|9851|1007
internet|20150715|9962|1030
internet|20150815|10062|1034
internet|20150915|10143|1048
internet|20151015|10352|1077
internet|20151115|10573|1087
internet|20151215|10773|1090
internet|20160115|10884|1113
internet|20160215|10884|1113
internet|20160315|11287|1161
internet|20160415|11382|1154
internet|20160515|11551|1185
internet|20160615|11679|1212
internet|20160715|11879|1239
internet|20160815|12000|1242
internet|20160915|12125|1260
internet|20161015|12296|1258
internet|20161115|12382|1292
internet|20161215|12603|1314
internet|20170115|12663|1317
internet|20170215|12921|1333
internet|20170315|13081|1357
internet|20170415|13081|1357
internet|20170515|13307|1379
internet|20170615|13521|1391
internet|20170715|13521|1391
internet|20170815|13860|1426
internet|20170915|13860|1426
internet|20171015|14064|1468
internet|20171115|14454|1531
internet|20171215|14459|1562
internet|20180115|14575|1552
internet|20180215|14727|1596
internet|20180315|14800|1810
internet|20180415|14949|1643
internet|20180515|15133|1669
internet|20180615|15376|1719
internet|20180715|15733|1786
internet|20180815|15733|1786
internet|20180915|15815|1788
internet|20181015|15975|1790
internet|20181115|16113|1834
internet|20181215|16367|1888
internet|20190115|16440|1902
internet|20190215|16440|1902
internet|20190315|16680|1978
internet|20190415|16814|2015
internet|20190515|17074|2095
internet|20190615|17195|2125
internet|20190715|17195|2125
internet|20190815|17559|2176
internet|20190915|17559|2176
internet|20191015|18064|2246
internet|20191115|18202|2293
internet|20191215|18400|2309
internet|20200115|18680|2361
internet|20200215|18853|2410
internet|20200315|19006|2271
internet|20200415|19404|2523
internet|20200515|19655|2545
internet|20200615|19702|2526
internet|20200715|20218|2592
internet|20200815|20214|2754
internet|20200915|20696|2882
internet|20201015|20766|2845
internet|20201115|20972|2779
internet|20201215|21250|2932
internet|20210115|21437|2959
internet|20210215|21756|2915
internet|20210315|21975|2973
internet|20210415|22224|3024
internet|20210515|22496|3123
internet|20210615|23009|3239
internet|20210715|22923|3183
internet|20210815|23130|3335
internet|20210915|23452|3192
internet|20211015|23508|3361
internet|20211115|23631|3340
internet|20211215|23805|3307
internet|20220115|23991|3447
internet|20220215|24180|3320
internet|20220315|24478|3515
internet|20220415|24545|3434
internet|20220515|24663|3505
internet|20220615|24821|3636
internet|20220715|25096|3642
internet|20220815|25398|3751
internet|20220915|25521|3821
internet|20221015|25608|3846
internet|20221115|25881|3891
internet|20221215|26130|3960
internet|20230115|26288|4000
internet|20230215|26541|4104
internet|20230315|27016|4067
internet|20230415|27025|4225
internet|20230515|27176|4299
internet|20230615|27237|4359
internet|20230715|27354|4395
internet|20230815|27759|4415
internet|20230915|28212|4594
internet|20231015|28128|4608
internet|20231115|28148|4636
internet|20231215|28215|4723
internet|20240115|28443|4742
internet|20240215|28707|4785
internet|20240315|28858|4850
internet|20240415|29078|4937
internet|20240515|29283|4999
internet|20240615|29405|5040
