as_type|date|from1to24|from25to49|from50to74|from75to100
business|20140615|5|6|15|121
business|20140715|5|9|16|126
business|20140815|6|6|16|127
business|20140915|6|6|21|124
business|20141015|5|7|16|122
business|20141115|5|6|19|129
business|20141215|6|3|18|129
business|20150115|6|4|20|131
business|20150215|6|4|24|135
business|20150315|6|4|24|135
business|20150415|5|5|20|140
business|20150515|6|5|17|143
business|20150615|7|7|19|143
business|20150715|5|6|22|151
business|20150815|4|8|21|155
business|20150915|5|5|21|156
business|20151015|6|7|21|155
business|20151115|6|5|25|153
business|20151215|7|6|24|158
business|20160115|7|8|24|164
business|20160215|7|8|24|164
business|20160315|7|8|24|164
business|20160415|7|8|24|164
business|20160515|7|9|25|172
business|20160615|7|9|25|172
business|20160715|4|8|28|175
business|20160815|5|9|29|181
business|20160915|2|11|27|186
business|20161015|2|11|32|186
business|20161115|5|10|31|188
business|20161215|6|10|29|188
business|20170115|6|10|29|188
business|20170215|5|10|30|200
business|20170315|7|10|26|197
business|20170415|7|10|26|197
business|20170515|6|13|27|199
business|20170615|6|11|27|201
business|20170715|6|11|27|201
business|20170815|9|11|28|205
business|20170915|9|11|28|205
business|20171015|11|15|25|209
business|20171115|13|15|27|221
business|20171215|13|14|29|226
business|20180115|13|18|28|219
business|20180215|14|16|30|226
business|20180315|17|13|32|248
business|20180415|16|16|29|226
business|20180515|17|14|35|225
business|20180615|15|14|33|229
business|20180715|16|16|34|241
business|20180815|16|16|34|241
business|20180915|18|14|34|249
business|20181015|17|14|26|254
business|20181115|17|16|31|262
business|20181215|17|23|32|264
business|20190115|17|19|32|261
business|20190215|17|19|32|261
business|20190315|14|20|34|268
business|20190415|16|17|43|267
business|20190515|17|21|37|271
business|20190615|16|19|31|281
business|20190715|16|19|31|281
business|20190815|14|21|36|284
business|20190915|14|21|36|284
business|20191015|17|16|40|282
business|20191115|18|18|43|290
business|20191215|18|25|40|289
business|20200115|17|19|42|298
business|20200215|22|21|41|304
business|20200315|18|20|35|283
business|20200415|19|25|42|321
business|20200515|21|25|39|327
business|20200615|17|27|44|312
business|20200715|16|25|47|339
business|20200815|17|30|48|361
business|20200915|18|36|49|373
business|20201015|19|29|53|367
business|20201115|21|23|55|360
business|20201215|23|25|47|372
business|20210115|27|25|48|371
business|20210215|24|31|51|360
business|20210315|26|29|52|366
business|20210415|24|28|53|379
business|20210515|28|33|56|376
business|20210615|30|35|59|387
business|20210715|32|31|61|375
business|20210815|30|39|56|408
business|20210915|24|35|59|390
business|20211015|31|35|57|405
business|20211115|26|38|60|399
business|20211215|24|33|60|395
business|20220115|22|36|61|417
business|20220215|26|41|60|388
business|20220315|31|37|67|413
business|20220415|29|41|65|400
business|20220515|29|43|62|415
business|20220615|29|39|67|433
business|20220715|31|40|62|431
business|20220815|33|44|66|437
business|20220915|33|51|72|434
business|20221015|30|46|70|440
business|20221115|34|42|69|449
business|20221215|31|42|70|446
business|20230115|31|43|74|443
business|20230215|33|49|75|459
business|20230315|40|45|73|435
business|20230415|33|47|80|451
business|20230515|33|50|78|472
business|20230615|34|46|79|472
business|20230715|36|47|85|478
business|20230815|39|55|94|466
business|20230915|46|57|92|475
business|20231015|41|57|99|497
business|20231115|39|67|90|501
business|20231215|40|70|87|513
business|20240115|47|67|87|513
business|20240215|46|67|88|510
business|20240315|47|67|94|510
business|20240415|53|71|92|519
business|20240515|50|65|99|523
business|20240615|46|66|94|535
education|20140615|4|2|9|40
education|20140715|3|2|8|48
education|20140815|2|2|8|48
education|20140915|2|2|8|48
education|20141015|3|3|9|47
education|20141115|3|5|6|47
education|20141215|3|4|8|47
education|20150115|3|4|7|53
education|20150215|0|2|1|18
education|20150315|2|4|6|52
education|20150415|3|4|7|57
education|20150515|3|4|8|54
education|20150615|4|4|8|58
education|20150715|4|4|8|60
education|20150815|4|4|8|60
education|20150915|3|4|9|63
education|20151015|2|5|8|64
education|20151115|2|6|8|66
education|20151215|3|5|8|62
education|20160115|4|5|9|62
education|20160215|4|5|9|62
education|20160315|3|6|8|66
education|20160415|3|6|8|66
education|20160515|3|6|8|66
education|20160615|3|6|8|66
education|20160715|4|6|8|68
education|20160815|3|6|8|71
education|20160915|3|6|8|71
education|20161015|2|7|9|69
education|20161115|2|7|11|66
education|20161215|3|5|10|67
education|20170115|3|6|11|66
education|20170215|4|5|11|68
education|20170315|3|5|13|68
education|20170415|3|5|13|68
education|20170515|3|4|13|70
education|20170615|3|5|13|70
education|20170715|3|5|13|70
education|20170815|2|6|13|71
education|20170915|2|6|13|71
education|20171015|4|8|10|74
education|20171115|4|9|10|72
education|20171215|4|9|10|72
education|20180115|3|8|11|71
education|20180215|3|8|11|76
education|20180315|2|8|11|83
education|20180415|2|8|11|83
education|20180515|3|8|10|80
education|20180615|3|9|10|84
education|20180715|5|8|10|87
education|20180815|5|8|10|87
education|20180915|6|7|11|87
education|20181015|5|8|10|88
education|20181115|4|9|10|91
education|20181215|4|8|10|88
education|20190115|4|7|12|86
education|20190215|4|7|12|86
education|20190315|5|8|11|93
education|20190415|3|9|11|93
education|20190515|3|9|11|94
education|20190615|4|7|12|95
education|20190715|4|7|12|95
education|20190815|4|9|13|94
education|20190915|4|9|13|94
education|20191015|5|8|13|98
education|20191115|5|8|13|98
education|20191215|5|8|13|98
education|20200115|3|7|9|107
education|20200215|4|8|8|109
education|20200315|3|7|7|100
education|20200415|3|7|9|111
education|20200515|5|8|9|108
education|20200615|5|8|9|108
education|20200715|5|8|9|108
education|20200815|5|9|12|107
education|20200915|5|9|12|107
education|20201015|4|8|14|106
education|20201115|3|8|13|108
education|20201215|3|8|13|111
education|20210115|3|8|14|111
education|20210215|3|8|14|114
education|20210315|3|8|11|112
education|20210415|3|7|11|109
education|20210515|7|7|11|111
education|20210615|8|8|14|114
education|20210715|5|8|17|113
education|20210815|5|8|16|118
education|20210915|6|8|16|106
education|20211015|4|9|13|113
education|20211115|4|9|13|113
education|20211215|8|6|13|115
education|20220115|6|9|11|118
education|20220215|5|6|13|116
education|20220315|5|6|17|114
education|20220415|5|7|16|109
education|20220515|4|5|19|113
education|20220615|5|7|17|115
education|20220715|5|8|19|113
education|20220815|5|7|19|118
education|20220915|4|8|13|121
education|20221015|5|6|16|125
education|20221115|5|6|19|117
education|20221215|5|7|17|121
education|20230115|5|7|17|121
education|20230215|7|6|16|119
education|20230315|8|8|16|121
education|20230415|7|6|16|130
education|20230515|7|8|17|131
education|20230615|7|7|17|132
education|20230715|7|7|17|133
education|20230815|6|10|17|135
education|20230915|9|10|16|139
education|20231015|8|10|16|141
education|20231115|5|11|17|139
education|20231215|7|11|17|136
education|20240115|7|11|17|136
education|20240215|6|10|17|139
education|20240315|6|10|17|139
education|20240415|5|11|19|140
education|20240515|5|11|19|140
education|20240615|5|11|19|140
government|20140615|0|3|1|11
government|20140715|0|1|3|11
government|20140815|0|2|2|13
government|20140915|0|1|2|11
government|20141015|0|2|0|11
government|20141115|1|3|0|12
government|20141215|0|2|3|11
government|20150115|0|3|1|11
government|20150215|0|2|1|12
government|20150315|0|2|1|12
government|20150415|0|2|0|11
government|20150515|0|2|0|11
government|20150615|0|2|1|10
government|20150715|0|3|0|11
government|20150815|0|3|1|10
government|20150915|0|2|0|12
government|20151015|0|2|0|12
government|20151115|0|2|1|12
government|20151215|0|3|1|12
government|20160115|0|3|0|11
government|20160215|0|3|0|11
government|20160315|0|3|1|12
government|20160415|0|3|1|11
government|20160515|0|3|0|11
government|20160615|0|3|0|12
government|20160715|0|3|2|10
government|20160815|1|3|0|11
government|20160915|1|2|2|10
government|20161015|1|2|1|11
government|20161115|2|2|2|11
government|20161215|1|2|2|12
government|20170115|1|1|3|11
government|20170215|2|2|4|10
government|20170315|3|2|2|13
government|20170415|3|2|2|13
government|20170515|2|2|2|12
government|20170615|2|2|2|14
government|20170715|2|2|2|14
government|20170815|1|3|2|14
government|20170915|1|3|2|14
government|20171015|1|3|2|15
government|20171115|1|3|4|15
government|20171215|1|3|2|15
government|20180115|2|3|3|14
government|20180215|3|2|2|15
government|20180315|3|2|5|14
government|20180415|3|2|3|14
government|20180515|3|2|5|12
government|20180615|3|2|5|14
government|20180715|3|4|4|14
government|20180815|3|4|4|14
government|20180915|3|3|4|14
government|20181015|3|3|4|12
government|20181115|3|3|4|13
government|20181215|3|3|4|13
government|20190115|3|3|4|14
government|20190315|2|4|4|15
government|20190415|2|4|4|16
government|20190515|4|4|4|15
government|20190615|7|3|4|15
government|20190715|7|3|4|15
government|20190815|6|5|4|13
government|20190915|6|5|4|13
government|20191015|6|6|4|18
government|20191115|6|6|4|19
government|20191215|5|8|4|18
government|20200115|4|7|5|19
government|20200215|4|6|6|21
government|20200315|3|7|5|19
government|20200415|4|4|6|21
government|20200515|4|7|4|22
government|20200615|4|8|3|23
government|20200715|4|7|3|22
government|20200815|4|7|3|23
government|20200915|4|7|3|24
government|20201015|4|6|4|26
government|20201115|4|7|4|26
government|20201215|4|5|6|27
government|20210115|3|6|6|28
government|20210215|3|5|5|28
government|20210315|2|4|5|29
government|20210415|3|5|4|31
government|20210515|4|5|6|30
government|20210615|3|6|6|32
government|20210715|2|6|6|33
government|20210815|4|7|5|31
government|20210915|4|7|5|31
government|20211015|3|7|5|38
government|20211115|3|7|5|38
government|20211215|3|7|5|38
government|20220115|3|7|5|38
government|20220215|6|6|2|39
government|20220315|5|6|3|41
government|20220415|4|6|4|41
government|20220515|4|6|5|40
government|20220615|4|7|5|42
government|20220715|3|7|4|40
government|20220815|3|7|5|41
government|20220915|2|8|6|38
government|20221015|2|8|6|41
government|20221115|2|8|5|41
government|20221215|2|9|5|42
government|20230115|3|7|4|41
government|20230215|2|7|6|40
government|20230315|2|9|6|43
government|20230415|2|7|8|45
government|20230515|2|8|7|49
government|20230615|2|8|7|47
government|20230715|2|7|8|47
government|20230815|3|5|8|47
government|20230915|2|7|6|49
government|20231015|2|8|6|49
government|20231115|2|8|7|49
government|20231215|2|9|5|51
government|20240115|2|7|6|49
government|20240215|3|7|7|45
government|20240315|3|7|4|45
government|20240415|3|8|6|50
government|20240515|2|9|6|44
government|20240615|3|8|5|46
hosting|20140615|11|13|24|208
hosting|20140715|14|15|26|208
hosting|20140815|14|13|27|208
hosting|20140915|14|12|28|200
hosting|20141015|12|14|29|205
hosting|20141115|13|13|28|207
hosting|20141215|13|12|27|204
hosting|20150115|13|12|28|213
hosting|20150215|13|12|28|213
hosting|20150315|13|16|27|214
hosting|20150415|15|13|27|222
hosting|20150515|18|15|29|221
hosting|20150615|17|16|28|230
hosting|20150715|19|12|27|237
hosting|20150815|17|11|27|238
hosting|20150915|17|11|27|238
hosting|20151015|19|14|32|256
hosting|20151115|19|16|35|244
hosting|20151215|22|10|36|242
hosting|20160115|22|14|35|249
hosting|20160215|22|14|35|249
hosting|20160315|23|18|31|258
hosting|20160415|23|19|33|246
hosting|20160515|24|16|35|253
hosting|20160615|25|18|39|264
hosting|20160715|25|20|45|269
hosting|20160815|20|23|42|270
hosting|20160915|24|18|47|275
hosting|20161015|23|22|47|266
hosting|20161115|27|23|44|277
hosting|20161215|28|22|47|281
hosting|20170115|30|22|52|271
hosting|20170215|34|21|54|268
hosting|20170315|32|28|53|275
hosting|20170415|32|28|53|275
hosting|20170515|35|26|51|267
hosting|20170615|34|25|58|271
hosting|20170715|18|13|30|134
hosting|20170815|40|26|58|273
hosting|20170915|18|16|26|127
hosting|20171015|47|21|66|275
hosting|20171115|43|27|64|273
hosting|20171215|44|31|59|286
hosting|20180115|43|37|61|285
hosting|20180215|40|39|63|292
hosting|20180315|44|42|67|313
hosting|20180415|46|39|52|324
hosting|20180515|49|41|60|321
hosting|20180615|54|38|62|338
hosting|20180715|61|48|69|334
hosting|20180815|61|48|69|334
hosting|20180915|60|47|60|340
hosting|20181015|60|42|65|339
hosting|20181115|63|45|63|335
hosting|20181215|64|51|65|334
hosting|20190115|61|56|62|338
hosting|20190215|75|52|66|356
hosting|20190315|75|52|66|356
hosting|20190415|65|54|65|375
hosting|20190515|69|54|71|380
hosting|20190615|69|51|74|382
hosting|20190715|66|62|75|387
hosting|20190815|66|62|75|387
hosting|20190915|66|62|75|387
hosting|20191015|77|56|73|406
hosting|20191115|83|59|78|400
hosting|20191215|88|59|78|409
hosting|20200115|95|57|75|420
hosting|20200215|90|57|82|419
hosting|20200315|86|67|79|365
hosting|20200415|93|55|93|427
hosting|20200515|94|56|81|429
hosting|20200615|93|48|81|434
hosting|20200715|95|61|83|439
hosting|20200815|96|57|93|494
hosting|20200915|97|69|91|497
hosting|20201015|104|55|93|479
hosting|20201115|96|55|100|449
hosting|20201215|98|66|101|478
hosting|20210115|98|66|106|480
hosting|20210215|95|70|107|464
hosting|20210315|98|70|106|469
hosting|20210415|105|63|110|467
hosting|20210515|104|72|106|476
hosting|20210615|112|70|114|485
hosting|20210715|104|76|102|478
hosting|20210815|100|84|111|499
hosting|20210915|100|84|111|499
hosting|20211015|99|86|117|484
hosting|20211115|96|85|116|499
hosting|20211215|99|91|114|473
hosting|20220115|104|94|122|502
hosting|20220215|100|100|119|460
hosting|20220315|103|94|117|514
hosting|20220415|102|92|109|498
hosting|20220515|99|103|115|489
hosting|20220615|107|101|119|519
hosting|20220715|104|108|122|492
hosting|20220815|118|106|120|529
hosting|20220915|116|110|120|538
hosting|20221015|114|104|126|537
hosting|20221115|111|105|123|534
hosting|20221215|111|106|129|537
hosting|20230115|120|110|126|541
hosting|20230215|136|105|123|555
hosting|20230315|125|113|132|526
hosting|20230415|131|109|126|556
hosting|20230515|139|105|124|573
hosting|20230615|140|100|120|585
hosting|20230715|140|100|131|575
hosting|20230815|145|94|125|578
hosting|20230915|147|110|145|581
hosting|20231015|153|98|152|587
hosting|20231115|145|106|145|585
hosting|20231215|157|108|147|601
hosting|20240115|144|110|153|584
hosting|20240215|152|113|158|588
hosting|20240315|161|112|149|608
hosting|20240415|158|121|154|629
hosting|20240515|163|114|161|618
hosting|20240615|160|127|152|630
internet|20140615|30|48|79|695
internet|20140715|33|51|83|716
internet|20140815|32|47|86|723
internet|20140915|32|45|91|703
internet|20141015|29|51|81|711
internet|20141115|32|50|87|723
internet|20141215|31|49|88|716
internet|20150115|31|53|89|750
internet|20150215|31|53|89|750
internet|20150315|33|50|96|769
internet|20150415|39|53|93|779
internet|20150515|40|57|91|786
internet|20150615|41|62|96|810
internet|20150715|41|63|94|835
internet|20150815|41|64|93|839
internet|20150915|47|55|95|854
internet|20151015|47|63|102|868
internet|20151115|53|60|110|867
internet|20151215|57|52|105|879
internet|20160115|58|62|102|894
internet|20160215|58|62|102|894
internet|20160315|62|69|108|925
internet|20160415|60|76|117|904
internet|20160515|61|76|118|933
internet|20160615|64|79|121|951
internet|20160715|63|89|124|966
internet|20160815|61|84|125|976
internet|20160915|58|79|125|976
internet|20161015|60|85|129|987
internet|20161115|68|86|143|998
internet|20161215|77|87|141|1012
internet|20170115|77|84|138|1021
internet|20170215|82|87|143|1024
internet|20170315|83|99|148|1030
internet|20170415|83|99|148|1030
internet|20170515|83|99|148|1030
internet|20170615|88|98|155|1053
internet|20170715|94|106|157|1072
internet|20170815|94|106|157|1072
internet|20170915|108|109|163|1090
internet|20171015|108|109|163|1090
internet|20171115|113|116|174|1131
internet|20171215|113|128|175|1149
internet|20180115|120|133|171|1131
internet|20180215|122|131|183|1163
internet|20180315|132|148|205|1329
internet|20180415|122|140|171|1212
internet|20180515|123|142|185|1220
internet|20180615|138|135|189|1258
internet|20180715|152|156|195|1284
internet|20180815|152|156|195|1284
internet|20180915|154|156|201|1278
internet|20181015|162|148|199|1282
internet|20181115|172|155|206|1303
internet|20181215|171|171|218|1332
internet|20190115|170|176|222|1338
internet|20190215|170|176|222|1338
internet|20190315|185|192|225|1380
internet|20190415|173|185|233|1427
internet|20190515|184|200|235|1478
internet|20190615|185|201|229|1513
internet|20190715|185|201|229|1513
internet|20190815|180|229|237|1533
internet|20190915|180|229|237|1533
internet|20191015|206|217|239|1587
internet|20191115|210|227|260|1599
internet|20191215|216|235|247|1615
internet|20200115|233|213|257|1662
internet|20200215|239|228|254|1692
internet|20200315|226|250|236|1560
internet|20200415|242|235|285|1762
internet|20200515|253|239|272|1783
internet|20200615|248|233|262|1784
internet|20200715|261|245|274|1814
internet|20200815|255|255|299|1946
internet|20200915|268|296|317|2001
internet|20201015|264|266|317|1998
internet|20201115|258|271|323|1927
internet|20201215|280|289|325|2038
internet|20210115|282|308|326|2043
internet|20210215|282|301|329|2003
internet|20210315|283|323|329|2038
internet|20210415|302|321|349|2053
internet|20210515|321|327|377|2099
internet|20210615|338|357|403|2142
internet|20210715|330|344|386|2124
internet|20210815|346|368|388|2236
internet|20210915|330|361|377|2125
internet|20211015|344|375|391|2253
internet|20211115|323|378|387|2255
internet|20211215|338|378|391|2202
internet|20220115|343|398|406|2302
internet|20220215|336|399|392|2194
internet|20220315|353|389|418|2357
internet|20220415|337|389|397|2314
internet|20220515|356|398|405|2349
internet|20220615|357|405|437|2441
internet|20220715|360|417|447|2423
internet|20220815|389|431|447|2491
internet|20220915|380|456|458|2533
internet|20221015|373|454|463|2558
internet|20221115|386|455|491|2563
internet|20221215|398|452|504|2609
internet|20230115|396|450|521|2633
internet|20230215|418|471|513|2702
internet|20230315|426|512|523|2608
internet|20230415|422|510|530|2765
internet|20230515|431|514|525|2830
internet|20230615|448|496|535|2881
internet|20230715|466|492|555|2883
internet|20230815|477|494|577|2867
internet|20230915|515|550|601|2928
internet|20231015|494|526|609|2983
internet|20231115|490|545|606|2998
internet|20231215|524|564|583|3054
internet|20240115|528|561|601|3053
internet|20240215|524|562|612|3090
internet|20240315|555|592|599|3108
internet|20240415|576|607|611|3149
internet|20240515|575|617|640|3171
internet|20240615|576|630|619|3222
isp|20140615|3|19|22|177
isp|20140715|6|19|22|185
isp|20140815|5|21|24|187
isp|20140915|6|19|23|185
isp|20141015|3|22|20|185
isp|20141115|5|19|27|189
isp|20141215|5|22|23|187
isp|20150115|5|23|24|197
isp|20150215|5|23|24|197
isp|20150315|6|17|25|204
isp|20150415|11|21|28|206
isp|20150515|9|23|27|208
isp|20150615|8|26|30|217
isp|20150715|7|29|26|226
isp|20150815|11|29|27|229
isp|20150915|16|28|29|235
isp|20151015|15|28|33|228
isp|20151115|18|24|32|237
isp|20151215|17|21|25|244
isp|20160115|17|24|27|252
isp|20160215|17|24|27|252
isp|20160315|22|25|31|261
isp|20160415|22|32|35|266
isp|20160515|19|34|33|277
isp|20160615|20|32|34|275
isp|20160715|23|39|31|287
isp|20160815|26|32|34|291
isp|20160915|22|32|28|307
isp|20161015|26|32|30|306
isp|20161115|26|34|42|308
isp|20161215|31|36|42|309
isp|20170115|30|36|35|321
isp|20170215|29|39|37|314
isp|20170315|32|43|42|321
isp|20170415|32|43|42|321
isp|20170515|32|46|44|345
isp|20170615|34|44|47|336
isp|20170715|17|26|20|145
isp|20170815|34|47|45|349
isp|20170915|20|20|22|135
isp|20171015|38|48|47|370
isp|20171115|42|47|57|396
isp|20171215|43|57|61|396
isp|20180115|46|55|56|388
isp|20180215|49|55|60|406
isp|20180315|51|66|70|482
isp|20180415|42|64|60|414
isp|20180515|42|65|58|433
isp|20180615|52|60|64|445
isp|20180715|55|67|61|462
isp|20180815|55|67|61|462
isp|20180915|60|70|74|444
isp|20181015|67|66|78|444
isp|20181115|73|68|84|460
isp|20181215|70|72|91|496
isp|20190115|75|75|99|489
isp|20190215|75|75|99|489
isp|20190315|78|93|98|507
isp|20190415|77|88|96|532
isp|20190515|82|98|97|565
isp|20190615|78|104|95|582
isp|20190715|78|104|95|582
isp|20190815|79|117|95|595
isp|20190915|88|115|96|622
isp|20191015|88|115|96|622
isp|20191115|86|124|105|619
isp|20191215|87|121|97|632
isp|20200115|99|112|103|639
isp|20200215|103|124|97|660
isp|20200315|103|124|97|660
isp|20200415|110|130|116|716
isp|20200515|112|128|116|738
isp|20200615|114|126|109|752
isp|20200715|126|126|114|748
isp|20200815|118|136|126|788
isp|20200915|131|154|143|823
isp|20201015|120|151|136|842
isp|20201115|124|159|135|822
isp|20201215|139|167|138|883
isp|20210115|138|182|134|886
isp|20210215|142|169|132|875
isp|20210315|143|189|131|906
isp|20210415|152|199|144|907
isp|20210515|161|192|171|944
isp|20210615|170|217|185|966
isp|20210715|172|201|177|975
isp|20210815|194|203|179|1022
isp|20210915|185|201|175|986
isp|20211015|192|211|181|1064
isp|20211115|185|206|174|1058
isp|20211215|192|218|174|1049
isp|20220115|195|228|185|1093
isp|20220215|188|221|181|1062
isp|20220315|196|227|196|1134
isp|20220415|188|224|187|1135
isp|20220515|212|224|188|1154
isp|20220615|202|238|214|1198
isp|20220715|203|240|222|1226
isp|20220815|214|248|220|1247
isp|20220915|211|259|229|1280
isp|20221015|210|275|226|1307
isp|20221115|223|282|255|1313
isp|20221215|234|276|260|1349
isp|20230115|225|269|283|1371
isp|20230215|228|289|280|1422
isp|20230315|239|321|280|1384
isp|20230415|242|324|286|1476
isp|20230515|243|326|283|1510
isp|20230615|259|323|298|1550
isp|20230715|275|317|304|1560
isp|20230815|275|319|319|1565
isp|20230915|301|353|332|1592
isp|20231015|282|341|323|1621
isp|20231115|292|342|336|1649
isp|20231215|312|359|316|1681
isp|20240115|319|360|326|1701
isp|20240215|312|356|334|1727
isp|20240315|334|387|327|1727
isp|20240415|353|389|334|1740
isp|20240515|350|414|352|1785
isp|20240615|357|415|342|1816
none|20140615|7|5|8|138
none|20140715|5|5|8|138
none|20140815|5|3|9|140
none|20140915|4|4|7|138
none|20141015|6|3|7|141
none|20141115|5|4|7|139
none|20141215|4|6|9|138
none|20150115|4|7|9|145
none|20150215|6|7|13|152
none|20150315|6|7|13|152
none|20150415|5|8|11|143
none|20150515|4|8|10|149
none|20150615|5|7|10|152
none|20150715|6|9|11|150
none|20150815|5|9|9|147
none|20150915|6|7|9|147
none|20151015|5|7|8|153
none|20151115|8|7|9|155
none|20151215|8|7|11|161
none|20160115|8|8|7|156
none|20160215|8|8|7|156
none|20160315|8|7|14|155
none|20160415|6|6|16|151
none|20160515|9|7|17|154
none|20160615|9|11|13|158
none|20160715|7|13|10|157
none|20160815|6|11|12|152
none|20160915|7|10|10|156
none|20161015|6|11|10|149
none|20161115|6|10|13|148
none|20161215|8|12|11|155
none|20170115|8|10|8|159
none|20170215|8|10|7|164
none|20170315|6|11|12|156
none|20170415|6|11|12|156
none|20170515|6|13|9|155
none|20170615|9|11|8|161
none|20170715|9|11|8|161
none|20170815|8|13|11|160
none|20170915|8|13|11|160
none|20171015|7|14|13|147
none|20171115|10|15|12|154
none|20171215|9|13|14|152
none|20180115|13|12|12|154
none|20180215|13|11|17|148
none|20180315|14|15|19|183
none|20180415|13|11|16|151
none|20180515|9|12|17|149
none|20180615|11|12|15|148
none|20180715|12|13|17|146
none|20180815|12|13|17|146
none|20180915|7|15|18|144
none|20181015|10|15|16|145
none|20181115|12|14|14|142
none|20181215|13|14|16|137
none|20190115|10|16|13|150
none|20190215|10|16|13|150
none|20190315|11|15|12|141
none|20190415|10|13|14|144
none|20190515|9|14|15|153
none|20190615|11|17|13|158
none|20190715|11|15|14|160
none|20190815|11|15|14|160
none|20190915|13|16|13|161
none|20191015|13|16|13|161
none|20191115|13|13|19|167
none|20191215|13|15|17|161
none|20200115|15|11|23|179
none|20200215|16|12|20|179
none|20200315|18|11|19|159
none|20200415|13|14|19|166
none|20200515|17|15|23|159
none|20200615|15|17|14|156
none|20200715|15|17|16|160
none|20200815|15|16|17|173
none|20200915|13|20|19|178
none|20201015|13|17|17|178
none|20201115|10|19|16|162
none|20201215|13|18|20|167
none|20210115|13|21|18|167
none|20210215|15|18|20|162
none|20210315|11|23|24|156
none|20210415|15|19|27|160
none|20210515|17|18|27|162
none|20210615|15|21|25|158
none|20210715|15|22|23|150
none|20210815|13|27|21|158
none|20210915|15|24|22|149
none|20211015|13|24|19|151
none|20211115|10|29|21|143
none|20211215|12|20|26|134
none|20220115|13|24|22|134
none|20220215|11|25|17|129
none|20220315|13|19|18|141
none|20220415|9|19|16|131
none|20220515|8|17|16|138
none|20220615|10|13|15|134
none|20220715|14|14|18|121
none|20220815|16|19|17|119
none|20220915|14|20|18|122
none|20221015|12|15|19|108
none|20221115|11|12|20|109
none|20221215|15|12|23|114
none|20230115|12|14|17|116
none|20230215|12|15|13|107
none|20230315|12|16|16|99
none|20230415|7|17|14|107
none|20230515|7|17|16|95
none|20230615|6|12|14|95
none|20230715|6|14|10|90
none|20230815|9|11|14|76
none|20230915|10|13|10|92
none|20231015|8|12|13|88
none|20231115|7|11|11|75
none|20231215|6|7|11|72
none|20240115|9|8|14|67
none|20240215|5|9|8|81
none|20240315|5|10|6|79
none|20240415|4|7|6|71
none|20240515|3|6|3|62
none|20240615|3|5|3|52
