region|date|from1to24|from25to49|from50to74|from75to100
afrinic|20140615|51|31|36|93
afrinic|20140715|48|28|34|103
afrinic|20140815|48|30|35|105
afrinic|20140915|48|34|42|105
afrinic|20141015|47|33|40|108
afrinic|20141115|44|38|47|107
afrinic|20141215|47|38|36|110
afrinic|20150115|49|36|39|117
afrinic|20150215|57|26|42|121
afrinic|20150315|51|32|37|119
afrinic|20150415|47|33|39|122
afrinic|20150515|46|38|35|124
afrinic|20150615|46|30|37|127
afrinic|20150715|49|30|38|135
afrinic|20150815|49|36|38|120
afrinic|20150915|50|37|40|111
afrinic|20151015|57|37|42|112
afrinic|20151115|61|32|46|111
afrinic|20151215|54|37|48|117
afrinic|20160115|60|36|41|118
afrinic|20160215|59|39|39|118
afrinic|20160315|59|39|38|119
afrinic|20160415|61|37|39|122
afrinic|20160515|62|37|43|119
afrinic|20160615|63|37|39|115
afrinic|20160715|64|41|39|119
afrinic|20160815|74|50|35|122
afrinic|20160915|62|53|38|124
afrinic|20161015|63|56|39|125
afrinic|20161115|70|55|39|121
afrinic|20161215|69|51|43|120
afrinic|20170115|68|51|42|117
afrinic|20170215|71|48|39|121
afrinic|20170315|79|52|41|117
afrinic|20170415|71|47|43|121
afrinic|20170515|69|43|49|133
afrinic|20170615|78|56|40|133
afrinic|20170715|75|49|40|136
afrinic|20170815|74|57|37|133
afrinic|20170915|75|56|40|126
afrinic|20171015|81|56|50|125
afrinic|20171115|75|65|49|127
afrinic|20171215|81|62|41|135
afrinic|20180115|74|60|50|141
afrinic|20180215|80|54|50|146
afrinic|20180315|74|63|50|160
afrinic|20180415|74|65|53|144
afrinic|20180515|79|58|54|146
afrinic|20180615|85|58|51|141
afrinic|20180715|81|63|46|149
afrinic|20180815|90|62|45|155
afrinic|20180915|92|58|44|161
afrinic|20181015|77|63|54|163
afrinic|20181115|77|58|59|167
afrinic|20181215|75|66|58|169
afrinic|20190115|77|64|57|178
afrinic|20190215|81|67|53|169
afrinic|20190315|77|73|56|153
afrinic|20190415|77|73|65|154
afrinic|20190515|81|80|58|158
afrinic|20190615|75|77|59|167
afrinic|20190715|77|67|52|191
afrinic|20190815|86|61|59|192
afrinic|20190915|81|71|50|183
afrinic|20191015|89|68|57|189
afrinic|20191115|93|64|58|186
afrinic|20191215|88|73|53|196
afrinic|20200115|89|69|51|200
afrinic|20200215|76|71|54|194
afrinic|20200315|87|67|57|195
afrinic|20200415|94|70|58|199
afrinic|20200515|97|63|59|194
afrinic|20200615|90|69|66|192
afrinic|20200715|96|55|60|198
afrinic|20200815|101|51|67|193
afrinic|20200915|106|50|66|202
afrinic|20201015|103|61|63|197
afrinic|20201115|105|64|52|205
afrinic|20201215|109|65|53|203
afrinic|20210115|108|61|55|205
afrinic|20210215|121|56|54|212
afrinic|20210315|112|56|68|213
afrinic|20210415|109|51|74|220
afrinic|20210515|106|56|75|222
afrinic|20210615|106|51|81|214
afrinic|20210715|99|64|79|226
afrinic|20210815|104|63|76|235
afrinic|20210915|107|66|84|225
afrinic|20211015|113|66|77|235
afrinic|20211115|103|65|69|244
afrinic|20211215|102|79|63|235
afrinic|20220115|101|79|63|236
afrinic|20220215|102|67|66|237
afrinic|20220315|106|72|75|231
afrinic|20220415|98|70|79|240
afrinic|20220515|107|70|68|237
afrinic|20220615|111|67|72|240
afrinic|20220715|107|75|64|250
afrinic|20220815|110|77|63|249
afrinic|20220915|108|63|77|240
afrinic|20221015|106|71|78|228
afrinic|20221115|99|73|75|246
afrinic|20221215|89|75|82|239
afrinic|20230115|93|78|72|255
afrinic|20230215|95|72|80|254
afrinic|20230315|96|72|86|249
afrinic|20230415|93|82|74|257
afrinic|20230515|110|77|72|259
afrinic|20230615|96|71|86|256
afrinic|20230715|102|77|78|257
afrinic|20230815|100|82|75|251
afrinic|20230915|97|87|78|252
afrinic|20231015|98|87|71|255
afrinic|20231115|110|81|75|264
afrinic|20231215|98|71|78|256
afrinic|20240115|100|75|75|256
afrinic|20240215|103|86|74|251
afrinic|20240315|88|88|81|244
afrinic|20240415|92|87|84|248
afrinic|20240515|90|94|76|260
afrinic|20240615|90|91|87|259
apnic|20140615|322|257|327|846
apnic|20140715|320|240|339|868
apnic|20140815|320|261|331|849
apnic|20140915|332|269|343|829
apnic|20141015|322|255|351|853
apnic|20141115|324|257|350|863
apnic|20141215|339|267|348|879
apnic|20150115|334|289|339|885
apnic|20150215|340|282|355|879
apnic|20150315|350|271|358|886
apnic|20150415|351|264|368|907
apnic|20150515|359|276|350|936
apnic|20150615|347|274|354|934
apnic|20150715|355|261|352|950
apnic|20150815|353|279|350|931
apnic|20150915|343|295|351|943
apnic|20151015|343|276|354|970
apnic|20151115|362|281|346|995
apnic|20151215|359|294|335|997
apnic|20160115|373|284|358|962
apnic|20160215|367|287|380|1009
apnic|20160315|370|290|388|1037
apnic|20160415|381|283|393|1023
apnic|20160515|373|297|398|1032
apnic|20160615|374|313|394|1050
apnic|20160715|379|308|387|1075
apnic|20160815|384|310|395|1073
apnic|20160915|393|308|395|1092
apnic|20161015|407|296|410|1091
apnic|20161115|406|309|412|1105
apnic|20161215|420|303|426|1112
apnic|20170115|415|317|402|1115
apnic|20170215|404|308|427|1144
apnic|20170315|412|320|435|1153
apnic|20170415|421|340|446|1146
apnic|20170515|426|324|452|1174
apnic|20170615|435|332|426|1222
apnic|20170715|429|333|428|1220
apnic|20170815|436|332|434|1220
apnic|20170915|430|323|424|1229
apnic|20171015|435|346|432|1238
apnic|20171115|446|335|444|1215
apnic|20171215|435|328|440|1264
apnic|20180115|438|330|452|1266
apnic|20180215|424|318|486|1287
apnic|20180315|417|329|493|1374
apnic|20180415|445|317|504|1283
apnic|20180515|436|338|488|1282
apnic|20180615|439|373|483|1308
apnic|20180715|433|388|508|1337
apnic|20180815|442|378|523|1369
apnic|20180915|424|386|520|1384
apnic|20181015|424|383|512|1431
apnic|20181115|426|418|517|1435
apnic|20181215|433|393|525|1477
apnic|20190115|443|402|513|1503
apnic|20190215|463|401|508|1505
apnic|20190315|462|420|506|1576
apnic|20190415|477|429|511|1606
apnic|20190515|472|411|529|1623
apnic|20190615|478|372|537|1666
apnic|20190715|469|409|532|1680
apnic|20190815|482|422|541|1688
apnic|20190915|481|433|519|1707
apnic|20191015|496|429|536|1708
apnic|20191115|489|443|564|1737
apnic|20191215|491|442|548|1765
apnic|20200115|490|429|558|1815
apnic|20200215|500|437|571|1820
apnic|20200315|503|441|563|1828
apnic|20200415|513|438|589|1801
apnic|20200515|510|457|563|1824
apnic|20200615|528|448|580|1865
apnic|20200715|529|444|608|1876
apnic|20200815|530|442|607|1887
apnic|20200915|521|459|603|1902
apnic|20201015|505|469|620|1906
apnic|20201115|511|479|623|1914
apnic|20201215|508|484|642|1929
apnic|20210115|511|466|634|1972
apnic|20210215|519|473|626|1956
apnic|20210315|515|470|658|1981
apnic|20210415|524|473|665|2036
apnic|20210515|523|500|651|2095
apnic|20210615|520|495|680|2105
apnic|20210715|517|484|695|2136
apnic|20210815|537|505|725|2176
apnic|20210915|529|513|733|2259
apnic|20211015|544|510|734|2247
apnic|20211115|520|529|741|2286
apnic|20211215|531|526|765|2364
apnic|20220115|567|502|775|2485
apnic|20220215|548|529|773|2494
apnic|20220315|557|536|762|2549
apnic|20220415|562|497|793|2608
apnic|20220515|558|507|787|2616
apnic|20220615|565|501|790|2639
apnic|20220715|556|522|807|2634
apnic|20220815|562|524|799|2655
apnic|20220915|584|521|811|2697
apnic|20221015|569|527|772|2738
apnic|20221115|556|520|801|2725
apnic|20221215|554|531|803|2750
apnic|20230115|556|535|823|2779
apnic|20230215|542|570|822|2796
apnic|20230315|545|569|851|2766
apnic|20230415|541|552|841|2848
apnic|20230515|538|537|833|2856
apnic|20230615|532|545|834|2881
apnic|20230715|535|550|847|2883
apnic|20230815|547|542|857|2923
apnic|20230915|556|564|853|2951
apnic|20231015|543|551|859|2977
apnic|20231115|532|561|879|3028
apnic|20231215|531|560|858|3033
apnic|20240115|531|546|848|3075
apnic|20240215|536|554|864|3105
apnic|20240315|549|531|899|3118
apnic|20240415|550|532|892|3162
apnic|20240515|537|519|910|3203
apnic|20240615|529|536|913|3208
arin|20140615|559|537|823|2468
arin|20140715|559|536|738|2586
arin|20140815|578|542|721|2562
arin|20140915|586|579|797|2518
arin|20141015|566|588|848|2458
arin|20141115|577|564|849|2523
arin|20141215|581|583|812|2530
arin|20150115|598|566|831|2533
arin|20150215|592|561|823|2557
arin|20150315|610|560|846|2565
arin|20150415|623|554|846|2610
arin|20150515|622|566|884|2578
arin|20150615|620|571|823|2663
arin|20150715|618|573|833|2630
arin|20150815|625|572|902|2548
arin|20150915|622|586|907|2601
arin|20151015|609|559|900|2640
arin|20151115|601|557|827|2730
arin|20151215|609|544|824|2717
arin|20160115|623|566|881|2592
arin|20160215|626|591|883|2636
arin|20160315|625|575|909|2663
arin|20160415|635|576|914|2659
arin|20160515|639|593|906|2684
arin|20160615|660|591|927|2676
arin|20160715|646|578|945|2678
arin|20160815|650|599|939|2676
arin|20160915|647|604|949|2692
arin|20161015|674|590|971|2707
arin|20161115|676|586|965|2730
arin|20161215|681|613|967|2724
arin|20170115|674|626|938|2754
arin|20170215|668|609|915|2828
arin|20170315|672|618|923|2818
arin|20170415|664|643|936|2818
arin|20170515|655|628|954|2795
arin|20170615|674|622|935|2821
arin|20170715|671|611|945|2818
arin|20170815|667|613|947|2804
arin|20170915|668|624|964|2808
arin|20171015|676|627|942|2856
arin|20171115|671|609|956|2883
arin|20171215|677|627|942|2874
arin|20180115|671|637|944|2852
arin|20180215|679|618|963|2854
arin|20180315|687|643|984|2876
arin|20180415|694|627|974|2816
arin|20180515|682|637|995|2848
arin|20180615|681|640|974|2891
arin|20180715|700|615|977|2896
arin|20180815|690|638|971|2873
arin|20180915|685|640|964|2940
arin|20181015|682|640|971|2905
arin|20181115|695|646|977|2930
arin|20181215|701|648|988|2924
arin|20190115|705|657|967|2949
arin|20190215|696|669|970|2993
arin|20190315|706|665|979|3024
arin|20190415|698|685|978|3067
arin|20190515|708|681|989|3044
arin|20190615|702|685|991|3039
arin|20190715|708|699|992|3042
arin|20190815|713|684|982|3060
arin|20190915|726|660|977|3043
arin|20191015|723|657|979|3079
arin|20191115|725|669|981|3101
arin|20191215|710|671|961|3104
arin|20200115|707|672|952|3135
arin|20200215|708|678|953|3151
arin|20200315|741|691|971|3137
arin|20200415|746|708|982|3188
arin|20200515|732|696|983|3192
arin|20200615|758|696|966|3194
arin|20200715|738|677|976|3190
arin|20200815|739|666|993|3169
arin|20200915|760|631|1020|3156
arin|20201015|760|679|1010|3156
arin|20201115|743|700|1004|3158
arin|20201215|749|687|1005|3181
arin|20210115|745|693|973|3214
arin|20210215|739|711|971|3201
arin|20210315|750|710|973|3234
arin|20210415|771|707|983|3243
arin|20210515|787|689|997|3238
arin|20210615|754|694|985|3242
arin|20210715|770|699|991|3222
arin|20210815|783|688|996|3190
arin|20210915|787|702|1008|3190
arin|20211015|796|693|1003|3243
arin|20211115|786|687|1022|3241
arin|20211215|780|686|1016|3277
arin|20220115|789|697|1007|3280
arin|20220215|786|681|982|3314
arin|20220315|784|699|989|3291
arin|20220415|787|709|973|3281
arin|20220515|791|678|967|3251
arin|20220615|793|706|949|3270
arin|20220715|794|724|964|3268
arin|20220815|792|731|946|3259
arin|20220915|806|732|957|3308
arin|20221015|804|729|946|3311
arin|20221115|794|729|941|3304
arin|20221215|793|722|958|3278
arin|20230115|811|725|956|3288
arin|20230215|796|740|973|3272
arin|20230315|798|742|978|3254
arin|20230415|800|748|978|3265
arin|20230515|805|738|992|3264
arin|20230615|807|727|998|3326
arin|20230715|817|719|978|3312
arin|20230815|827|708|952|3372
arin|20230915|813|701|913|3415
arin|20231015|802|715|915|3384
arin|20231115|803|713|918|3359
arin|20231215|816|697|903|3355
arin|20240115|793|693|915|3324
arin|20240215|794|694|904|3332
arin|20240315|800|698|896|3347
arin|20240415|798|701|900|3338
arin|20240515|808|708|874|3350
arin|20240615|804|706|869|3342
internet|20140615|1560|1402|1906|7675
internet|20140715|1541|1411|1832|7860
internet|20140815|1575|1445|1801|7816
internet|20140915|1592|1511|1932|7787
internet|20141015|1577|1509|1995|7828
internet|20141115|1609|1477|1993|7911
internet|20141215|1613|1522|1969|8062
internet|20150115|1655|1564|1996|8069
internet|20150215|1688|1527|2011|8065
internet|20150315|1742|1525|2023|8091
internet|20150415|1745|1532|2016|8270
internet|20150515|1767|1547|2077|8261
internet|20150615|1750|1536|1974|8383
internet|20150715|1795|1544|1976|8341
internet|20150815|1781|1569|2056|8234
internet|20150915|1781|1604|2079|8305
internet|20151015|1754|1585|2096|8393
internet|20151115|1781|1579|2011|8475
internet|20151215|1814|1567|2021|8539
internet|20160115|1886|1616|2123|8365
internet|20160215|1922|1663|2144|8475
internet|20160315|1914|1661|2179|8591
internet|20160415|1940|1663|2182|8603
internet|20160515|1943|1708|2209|8574
internet|20160615|1971|1711|2226|8637
internet|20160715|1981|1706|2241|8728
internet|20160815|2045|1770|2248|8688
internet|20160915|2007|1782|2252|8792
internet|20161015|2067|1795|2361|9095
internet|20161115|2090|1785|2357|8921
internet|20161215|2109|1824|2357|8837
internet|20170115|2087|1875|2318|8887
internet|20170215|2077|1851|2346|9114
internet|20170315|2145|1896|2416|9298
internet|20170415|2146|1928|2388|9069
internet|20170515|2171|1910|2444|9100
internet|20170615|2201|1938|2428|9140
internet|20170715|2237|1900|2470|9161
internet|20170815|2238|1903|2450|9184
internet|20170915|2251|1916|2455|9283
internet|20171015|2264|1976|2443|9367
internet|20171115|2285|2005|2495|9459
internet|20171215|2279|2014|2468|9601
internet|20180115|2294|2017|2464|9588
internet|20180215|2285|1965|2544|9770
internet|20180315|2297|2128|2635|10312
internet|20180415|2300|2044|2604|9686
internet|20180515|2305|2048|2626|9739
internet|20180615|2303|2133|2622|9763
internet|20180715|2348|2145|2631|9845
internet|20180815|2364|2160|2654|9918
internet|20180915|2365|2175|2642|10043
internet|20181015|2354|2178|2643|10135
internet|20181115|2385|2196|2690|10249
internet|20181215|2393|2183|2701|10342
internet|20190115|2387|2205|2675|10384
internet|20190215|2454|2235|2683|10470
internet|20190315|2463|2254|2679|10642
internet|20190415|2493|2290|2687|10837
internet|20190515|2546|2280|2724|10872
internet|20190615|2465|2265|2717|11016
internet|20190715|2493|2290|2718|11137
internet|20190815|2484|2313|2816|11187
internet|20190915|2534|2300|2744|11137
internet|20191015|2566|2318|2820|11217
internet|20191115|2589|2365|2829|11341
internet|20191215|2584|2374|2777|11288
internet|20200115|2575|2392|2768|11444
internet|20200215|2560|2434|2787|11462
internet|20200315|2636|2449|2882|11524
internet|20200415|2722|2499|2944|11675
internet|20200515|2680|2532|2935|11740
internet|20200615|2793|2550|2966|11714
internet|20200715|2800|2527|3010|11736
internet|20200815|2780|2548|3051|11756
internet|20200915|2816|2528|3110|11778
internet|20201015|2764|2579|3117|11895
internet|20201115|2800|2592|3124|11928
internet|20201215|2832|2631|3181|12043
internet|20210115|2824|2659|3148|12189
internet|20210215|2832|2669|3117|12131
internet|20210315|2846|2707|3167|12257
internet|20210415|2908|2705|3203|12389
internet|20210515|2894|2725|3204|12442
internet|20210615|2856|2805|3210|12507
internet|20210715|2859|2802|3324|12472
internet|20210815|2957|2860|3318|12588
internet|20210915|2993|2874|3347|12631
internet|20211015|2982|2874|3365|12702
internet|20211115|2955|2879|3384|12741
internet|20211215|2968|2880|3384|12872
internet|20220115|3013|2904|3418|13033
internet|20220215|3039|2893|3405|13088
internet|20220315|3013|2953|3392|13107
internet|20220415|2986|2969|3473|13647
internet|20220515|3044|2927|3435|13102
internet|20220615|3054|2946|3457|13192
internet|20220715|3075|2965|3495|13196
internet|20220815|3079|2965|3470|13240
internet|20220915|3102|2967|3534|13802
internet|20221015|3059|3002|3466|13342
internet|20221115|3014|2981|3466|13377
internet|20221215|3027|2976|3490|13320
internet|20230115|3027|3043|3492|13331
internet|20230215|3007|3091|3507|13422
internet|20230315|3055|3094|3623|13268
internet|20230415|3033|3125|3623|13401
internet|20230515|3074|3115|3627|13467
internet|20230615|3073|3112|3631|13578
internet|20230715|3090|3112|3592|13440
internet|20230815|3111|3104|3552|13644
internet|20230915|3143|3123|3513|13738
internet|20231015|3059|3177|3521|13753
internet|20231115|3055|3190|3566|13775
internet|20231215|3068|3153|3517|13744
internet|20240115|3068|3153|3536|13724
internet|20240215|3081|3128|3553|13825
internet|20240315|3061|3095|3608|13857
internet|20240415|3060|3094|3627|13958
internet|20240515|3076|3124|3579|14050
internet|20240615|3062|3144|3633|14506
lacnic|20140615|203|160|126|313
lacnic|20140715|208|163|129|332
lacnic|20140815|218|163|121|340
lacnic|20140915|215|173|130|350
lacnic|20141015|220|168|130|353
lacnic|20141115|236|173|142|348
lacnic|20141215|245|181|145|364
lacnic|20150115|246|202|154|350
lacnic|20150215|273|187|156|360
lacnic|20150315|270|205|158|370
lacnic|20150415|277|208|150|371
lacnic|20150515|296|214|162|370
lacnic|20150615|298|210|151|383
lacnic|20150715|315|217|152|359
lacnic|20150815|307|211|152|368
lacnic|20150915|324|211|160|391
lacnic|20151015|302|231|176|388
lacnic|20151115|307|228|177|417
lacnic|20151215|321|222|184|423
lacnic|20160115|352|223|176|415
lacnic|20160215|361|245|179|427
lacnic|20160315|363|247|183|450
lacnic|20160415|354|244|186|448
lacnic|20160515|366|246|200|451
lacnic|20160615|355|239|224|450
lacnic|20160715|391|234|222|475
lacnic|20160815|395|258|224|479
lacnic|20160915|394|280|210|488
lacnic|20161015|412|292|205|495
lacnic|20161115|415|297|228|499
lacnic|20161215|435|301|219|530
lacnic|20170115|419|314|239|531
lacnic|20170215|424|313|272|528
lacnic|20170315|445|323|254|548
lacnic|20170415|458|313|259|576
lacnic|20170515|469|330|252|592
lacnic|20170615|472|336|261|590
lacnic|20170715|499|335|281|602
lacnic|20170815|510|340|274|616
lacnic|20170915|508|342|259|647
lacnic|20171015|504|349|247|651
lacnic|20171115|520|372|271|633
lacnic|20171215|520|365|270|670
lacnic|20180115|541|373|250|702
lacnic|20180215|539|359|269|698
lacnic|20180315|547|427|323|869
lacnic|20180415|521|388|289|703
lacnic|20180515|530|386|295|726
lacnic|20180615|513|398|309|760
lacnic|20180715|534|416|305|768
lacnic|20180815|534|422|326|767
lacnic|20180915|573|416|326|779
lacnic|20181015|557|411|332|809
lacnic|20181115|583|417|355|846
lacnic|20181215|568|415|347|872
lacnic|20190115|567|429|349|866
lacnic|20190215|579|441|333|884
lacnic|20190315|587|434|332|895
lacnic|20190415|606|455|324|905
lacnic|20190515|639|444|343|939
lacnic|20190615|572|472|331|1016
lacnic|20190715|582|461|342|1040
lacnic|20190815|556|499|404|1074
lacnic|20190915|574|495|363|1105
lacnic|20191015|598|503|388|1136
lacnic|20191115|613|522|397|1135
lacnic|20191215|612|540|381|1105
lacnic|20200115|607|552|382|1127
lacnic|20200215|591|549|401|1131
lacnic|20200315|616|549|443|1151
lacnic|20200415|657|582|459|1170
lacnic|20200515|652|608|470|1201
lacnic|20200615|732|618|481|1161
lacnic|20200715|750|623|503|1157
lacnic|20200815|715|654|509|1179
lacnic|20200915|735|673|533|1203
lacnic|20201015|699|648|525|1274
lacnic|20201115|715|656|552|1278
lacnic|20201215|731|669|574|1267
lacnic|20210115|734|697|577|1271
lacnic|20210215|744|684|577|1290
lacnic|20210315|743|722|576|1305
lacnic|20210415|778|723|575|1334
lacnic|20210515|765|739|584|1337
lacnic|20210615|757|803|560|1387
lacnic|20210715|759|807|616|1388
lacnic|20210815|806|843|580|1374
lacnic|20210915|825|838|593|1404
lacnic|20211015|780|852|609|1397
lacnic|20211115|792|860|613|1397
lacnic|20211215|799|846|603|1421
lacnic|20220115|795|880|627|1421
lacnic|20220215|822|875|637|1410
lacnic|20220315|787|911|627|1400
lacnic|20220415|778|924|610|1440
lacnic|20220515|816|909|632|1408
lacnic|20220615|810|915|669|1423
lacnic|20220715|838|866|660|1441
lacnic|20220815|823|879|674|1438
lacnic|20220915|836|869|671|1469
lacnic|20221015|800|883|684|1481
lacnic|20221115|786|869|689|1471
lacnic|20221215|800|871|680|1458
lacnic|20230115|779|905|657|1465
lacnic|20230215|795|912|653|1492
lacnic|20230315|823|918|705|1459
lacnic|20230415|792|936|712|1488
lacnic|20230515|802|965|709|1513
lacnic|20230615|796|983|706|1527
lacnic|20230715|791|986|698|1501
lacnic|20230815|804|968|691|1539
lacnic|20230915|839|956|694|1561
lacnic|20231015|786|993|711|1539
lacnic|20231115|800|979|726|1527
lacnic|20231215|817|996|702|1522
lacnic|20240115|825|1005|705|1497
lacnic|20240215|811|984|713|1536
lacnic|20240315|804|963|724|1562
lacnic|20240415|813|971|729|1593
lacnic|20240515|830|981|713|1616
lacnic|20240615|830|986|720|1632
ripencc|20140615|425|417|594|3955
ripencc|20140715|406|444|592|3971
ripencc|20140815|411|449|593|3960
ripencc|20140915|411|456|620|3985
ripencc|20141015|422|465|626|4056
ripencc|20141115|428|445|605|4070
ripencc|20141215|401|453|628|4179
ripencc|20150115|428|471|633|4184
ripencc|20150215|426|471|635|4148
ripencc|20150315|461|457|624|4151
ripencc|20150415|447|473|613|4260
ripencc|20150515|444|453|646|4253
ripencc|20150615|439|451|609|4276
ripencc|20150715|458|463|601|4267
ripencc|20150815|447|471|614|4267
ripencc|20150915|442|475|621|4259
ripencc|20151015|443|482|624|4283
ripencc|20151115|450|481|615|4222
ripencc|20151215|471|470|630|4285
ripencc|20160115|478|507|667|4278
ripencc|20160215|509|501|663|4285
ripencc|20160315|497|510|661|4322
ripencc|20160415|509|523|650|4351
ripencc|20160515|503|535|662|4288
ripencc|20160615|519|531|642|4346
ripencc|20160715|501|545|648|4381
ripencc|20160815|542|553|655|4338
ripencc|20160915|511|537|660|4396
ripencc|20161015|511|561|736|4677
ripencc|20161115|523|538|713|4466
ripencc|20161215|504|556|702|4351
ripencc|20170115|511|567|697|4370
ripencc|20170215|510|573|693|4493
ripencc|20170315|537|583|763|4662
ripencc|20170415|532|585|704|4408
ripencc|20170515|552|585|737|4406
ripencc|20170615|542|592|766|4374
ripencc|20170715|563|572|776|4385
ripencc|20170815|551|561|758|4411
ripencc|20170915|570|571|768|4473
ripencc|20171015|568|598|772|4497
ripencc|20171115|573|624|775|4601
ripencc|20171215|566|632|775|4658
ripencc|20180115|570|617|768|4627
ripencc|20180215|563|616|776|4785
ripencc|20180315|572|666|785|5033
ripencc|20180415|566|647|784|4740
ripencc|20180515|578|629|794|4737
ripencc|20180615|585|664|805|4663
ripencc|20180715|600|663|795|4695
ripencc|20180815|608|660|789|4754
ripencc|20180915|591|675|788|4779
ripencc|20181015|614|681|774|4827
ripencc|20181115|604|657|782|4871
ripencc|20181215|616|661|783|4900
ripencc|20190115|595|653|789|4888
ripencc|20190215|635|657|819|4919
ripencc|20190315|631|662|806|4994
ripencc|20190415|635|648|809|5105
ripencc|20190515|646|664|805|5108
ripencc|20190615|638|659|799|5128
ripencc|20190715|657|654|800|5184
ripencc|20190815|647|647|830|5173
ripencc|20190915|672|641|835|5099
ripencc|20191015|660|661|860|5105
ripencc|20191115|669|667|829|5182
ripencc|20191215|683|648|834|5118
ripencc|20200115|682|670|825|5167
ripencc|20200215|685|699|808|5166
ripencc|20200315|689|701|848|5213
ripencc|20200415|712|701|856|5317
ripencc|20200515|689|708|860|5329
ripencc|20200615|685|719|873|5302
ripencc|20200715|687|728|863|5315
ripencc|20200815|695|735|875|5328
ripencc|20200915|694|715|888|5315
ripencc|20201015|697|722|899|5362
ripencc|20201115|726|693|893|5373
ripencc|20201215|735|726|907|5463
ripencc|20210115|726|742|909|5527
ripencc|20210215|709|745|889|5472
ripencc|20210315|726|749|892|5524
ripencc|20210415|726|751|906|5556
ripencc|20210515|713|741|897|5550
ripencc|20210615|719|762|904|5559
ripencc|20210715|714|748|943|5500
ripencc|20210815|727|761|941|5613
ripencc|20210915|745|755|929|5553
ripencc|20211015|749|753|942|5580
ripencc|20211115|754|738|939|5573
ripencc|20211215|756|743|937|5575
ripencc|20220115|761|746|946|5611
ripencc|20220215|781|741|947|5633
ripencc|20220315|779|735|939|5636
ripencc|20220415|761|769|1018|6078
ripencc|20220515|772|763|981|5590
ripencc|20220615|775|757|977|5620
ripencc|20220715|780|778|1000|5603
ripencc|20220815|792|754|988|5639
ripencc|20220915|768|782|1018|6088
ripencc|20221015|780|792|986|5584
ripencc|20221115|779|790|960|5631
ripencc|20221215|791|777|967|5595
ripencc|20230115|788|800|984|5544
ripencc|20230215|779|797|979|5608
ripencc|20230315|793|793|1003|5540
ripencc|20230415|807|807|1018|5543
ripencc|20230515|819|798|1021|5575
ripencc|20230615|842|786|1007|5588
ripencc|20230715|845|780|991|5487
ripencc|20230815|833|804|977|5559
ripencc|20230915|838|815|975|5559
ripencc|20231015|830|831|965|5598
ripencc|20231115|810|856|968|5597
ripencc|20231215|806|829|976|5578
ripencc|20240115|819|834|993|5572
ripencc|20240215|837|810|998|5601
ripencc|20240315|820|815|1008|5586
ripencc|20240415|807|803|1022|5617
ripencc|20240515|811|822|1006|5621
ripencc|20240615|809|825|1044|6065
