as_type|date|tam_1|tam_2|tam_3|tam_4plus
business|20140615|905|772|899|1197
business|20140715|923|774|903|1221
business|20140815|912|778|909|1217
business|20140915|931|806|933|1240
business|20141015|943|778|934|1234
business|20141115|954|774|945|1263
business|20141215|963|802|962|1279
business|20150115|957|822|960|1268
business|20150215|957|826|953|1291
business|20150315|974|831|975|1293
business|20150415|981|851|996|1303
business|20150515|988|863|1006|1301
business|20150615|995|861|1017|1292
business|20150715|992|866|1011|1297
business|20150815|1009|862|1005|1286
business|20150915|1030|867|1021|1314
business|20151015|1038|891|1022|1319
business|20151115|1014|914|1028|1332
business|20151215|1056|893|1033|1307
business|20160115|1057|886|1053|1321
business|20160215|1076|885|1051|1340
business|20160315|1102|883|1059|1364
business|20160415|1081|905|1069|1376
business|20160515|1068|922|1088|1380
business|20160615|1078|928|1120|1373
business|20160715|1082|941|1114|1415
business|20160815|1090|956|1117|1417
business|20160915|1093|970|1142|1433
business|20161015|1182|986|1144|1438
business|20161115|1142|997|1142|1447
business|20161215|1141|978|1161|1442
business|20170115|1110|989|1166|1475
business|20170215|1139|1007|1184|1514
business|20170315|1187|1016|1184|1511
business|20170415|1133|1007|1181|1559
business|20170515|1153|1001|1204|1564
business|20170615|1154|1032|1230|1551
business|20170715|1145|1038|1214|1559
business|20170815|1149|1036|1229|1552
business|20170915|1160|1045|1245|1562
business|20171015|1184|1072|1232|1572
business|20171115|1236|1074|1245|1558
business|20171215|1235|1082|1264|1570
business|20180115|1219|1077|1263|1585
business|20180215|1257|1102|1266|1601
business|20180315|1392|1101|1266|1600
business|20180415|1240|1084|1263|1625
business|20180515|1248|1086|1274|1653
business|20180615|1229|1083|1300|1666
business|20180715|1243|1061|1290|1714
business|20180815|1261|1072|1299|1704
business|20180915|1274|1089|1320|1717
business|20181015|1273|1106|1336|1734
business|20181115|1291|1120|1334|1742
business|20181215|1314|1108|1372|1752
business|20190115|1318|1127|1351|1766
business|20190215|1322|1150|1383|1759
business|20190315|1357|1146|1405|1783
business|20190415|1365|1185|1416|1813
business|20190515|1367|1159|1427|1835
business|20190615|1364|1151|1415|1857
business|20190715|1373|1168|1434|1862
business|20190815|1401|1168|1437|1867
business|20190915|1375|1171|1434|1885
business|20191015|1386|1191|1447|1929
business|20191115|1405|1210|1471|1960
business|20191215|1420|1213|1431|1921
business|20200115|1431|1229|1436|1929
business|20200215|1454|1231|1439|1925
business|20200315|1476|1259|1467|1949
business|20200415|1486|1274|1481|1977
business|20200515|1502|1260|1486|1979
business|20200615|1502|1281|1481|2026
business|20200715|1498|1287|1486|2037
business|20200815|1490|1274|1507|2054
business|20200915|1507|1287|1531|2015
business|20201015|1514|1318|1539|2027
business|20201115|1510|1317|1545|2052
business|20201215|1529|1343|1569|2058
business|20210115|1543|1318|1573|2080
business|20210215|1556|1322|1556|2061
business|20210315|1581|1331|1579|2096
business|20210415|1598|1335|1581|2119
business|20210515|1610|1320|1569|2123
business|20210615|1586|1348|1588|2126
business|20210715|1583|1331|1577|2136
business|20210815|1600|1364|1639|2142
business|20210915|1624|1374|1616|2148
business|20211015|1635|1383|1623|2165
business|20211115|1650|1356|1638|2178
business|20211215|1655|1386|1639|2193
business|20220115|1669|1390|1644|2204
business|20220215|1693|1402|1616|2201
business|20220315|1679|1420|1643|2199
business|20220415|1814|1410|1661|2221
business|20220515|1683|1392|1661|2215
business|20220615|1673|1388|1646|2243
business|20220715|1690|1403|1645|2254
business|20220815|1695|1402|1657|2251
business|20220915|1826|1431|1666|2293
business|20221015|1678|1446|1685|2280
business|20221115|1689|1483|1692|2280
business|20221215|1702|1494|1659|2242
business|20230115|1684|1479|1688|2274
business|20230215|1691|1479|1711|2319
business|20230315|1709|1505|1695|2288
business|20230415|1708|1511|1714|2298
business|20230515|1709|1512|1722|2306
business|20230615|1703|1510|1751|2341
business|20230715|1695|1514|1753|2289
business|20230815|1702|1524|1774|2315
business|20230915|1744|1531|1768|2335
business|20231015|1746|1545|1752|2346
business|20231115|1743|1554|1783|2332
business|20231215|1756|1529|1764|2322
business|20240115|1757|1524|1764|2336
business|20240215|1781|1518|1755|2357
business|20240315|1791|1511|1791|2322
business|20240415|1804|1538|1768|2348
business|20240515|1797|1563|1787|2370
business|20240615|1943|1584|1793|2355
education|20140615|150|146|166|144
education|20140715|156|140|163|148
education|20140815|159|145|161|146
education|20140915|162|147|164|156
education|20141015|169|151|159|160
education|20141115|171|152|156|167
education|20141215|166|152|150|167
education|20150115|162|153|160|171
education|20150215|167|158|150|177
education|20150315|175|151|152|177
education|20150415|174|148|156|183
education|20150515|177|160|151|182
education|20150615|180|156|155|178
education|20150715|186|152|153|177
education|20150815|183|151|149|180
education|20150915|179|167|153|177
education|20151015|184|159|148|176
education|20151115|183|162|147|178
education|20151215|179|164|140|178
education|20160115|181|162|140|178
education|20160215|184|158|146|181
education|20160315|181|165|148|181
education|20160415|175|171|153|172
education|20160515|173|175|151|180
education|20160615|184|169|149|181
education|20160715|184|167|149|174
education|20160815|180|171|148|178
education|20160915|184|176|146|183
education|20161015|190|175|146|184
education|20161115|185|169|138|189
education|20161215|191|168|139|189
education|20170115|195|160|142|187
education|20170215|196|162|149|183
education|20170315|209|170|146|183
education|20170415|200|170|149|191
education|20170515|204|168|150|188
education|20170615|206|174|151|187
education|20170715|208|169|154|195
education|20170815|202|165|151|203
education|20170915|208|156|160|207
education|20171015|206|165|159|206
education|20171115|211|169|156|208
education|20171215|209|169|155|221
education|20180115|214|171|157|220
education|20180215|215|172|155|222
education|20180315|262|166|153|225
education|20180415|225|167|157|220
education|20180515|222|175|154|223
education|20180615|221|175|160|227
education|20180715|222|171|161|228
education|20180815|225|170|165|230
education|20180915|244|167|162|228
education|20181015|229|171|170|239
education|20181115|224|173|169|229
education|20181215|222|169|177|240
education|20190115|220|169|174|241
education|20190215|225|173|171|232
education|20190315|221|177|173|233
education|20190415|216|184|178|243
education|20190515|226|181|178|241
education|20190615|227|179|183|239
education|20190715|233|181|183|247
education|20190815|235|184|190|240
education|20190915|230|180|197|233
education|20191015|226|180|196|236
education|20191115|223|183|194|237
education|20191215|218|189|198|239
education|20200115|218|188|194|240
education|20200215|225|193|199|246
education|20200315|225|193|197|244
education|20200415|223|190|205|244
education|20200515|218|192|200|245
education|20200615|222|189|197|250
education|20200715|223|193|197|254
education|20200815|220|188|197|250
education|20200915|210|186|192|249
education|20201015|208|180|195|262
education|20201115|211|180|203|263
education|20201215|220|179|205|261
education|20210115|231|183|205|263
education|20210215|223|190|201|264
education|20210315|223|192|200|264
education|20210415|228|196|198|263
education|20210515|232|202|197|264
education|20210615|234|198|200|265
education|20210715|236|198|198|267
education|20210815|240|198|201|268
education|20210915|244|201|196|271
education|20211015|237|207|190|266
education|20211115|238|206|187|262
education|20211215|242|207|183|266
education|20220115|248|208|191|262
education|20220215|246|210|187|259
education|20220315|258|209|202|246
education|20220415|262|213|201|255
education|20220515|251|206|203|260
education|20220615|245|217|200|267
education|20220715|249|223|205|262
education|20220815|250|220|203|269
education|20220915|269|212|210|263
education|20221015|253|215|208|264
education|20221115|259|208|210|264
education|20221215|250|210|215|264
education|20230115|262|204|219|260
education|20230215|266|198|213|269
education|20230315|264|200|216|261
education|20230415|263|203|226|256
education|20230515|266|208|214|259
education|20230615|249|217|224|262
education|20230715|246|216|220|255
education|20230815|246|216|224|264
education|20230915|249|223|213|270
education|20231015|250|219|210|278
education|20231115|247|214|221|272
education|20231215|238|219|218|266
education|20240115|235|215|219|272
education|20240215|236|221|225|267
education|20240315|242|224|221|272
education|20240415|238|223|223|278
education|20240515|246|220|220|277
education|20240615|253|220|227|280
government|20140615|66|48|54|73
government|20140715|68|51|55|69
government|20140815|74|55|55|72
government|20140915|73|58|53|75
government|20141015|74|55|52|76
government|20141115|74|55|57|80
government|20141215|74|59|53|85
government|20150115|69|62|53|80
government|20150215|68|64|56|80
government|20150315|68|62|52|84
government|20150415|72|61|56|82
government|20150515|70|59|63|82
government|20150615|69|58|58|83
government|20150715|71|59|60|83
government|20150815|70|58|66|83
government|20150915|72|56|64|81
government|20151015|74|53|64|78
government|20151115|75|56|65|75
government|20151215|76|59|63|75
government|20160115|73|60|63|77
government|20160215|74|61|64|86
government|20160315|74|65|64|81
government|20160415|79|64|67|83
government|20160515|81|56|73|81
government|20160615|76|58|71|84
government|20160715|74|60|70|85
government|20160815|73|60|66|83
government|20160915|73|57|66|85
government|20161015|79|61|66|87
government|20161115|77|60|73|88
government|20161215|75|64|70|88
government|20170115|76|58|69|85
government|20170215|75|55|71|87
government|20170315|78|54|65|85
government|20170415|76|52|69|84
government|20170515|74|55|68|88
government|20170615|80|54|69|85
government|20170715|83|54|69|87
government|20170815|79|57|72|84
government|20170915|79|57|68|89
government|20171015|78|60|69|90
government|20171115|78|62|69|91
government|20171215|81|60|69|95
government|20180115|77|59|72|91
government|20180215|76|60|71|91
government|20180315|89|60|71|88
government|20180415|79|57|71|93
government|20180515|79|57|70|95
government|20180615|78|60|69|98
government|20180715|81|59|70|97
government|20180815|84|59|71|99
government|20180915|82|61|75|97
government|20181015|83|59|75|96
government|20181115|83|61|85|101
government|20181215|85|65|83|97
government|20190115|85|63|79|103
government|20190215|86|68|79|101
government|20190315|94|66|78|101
government|20190415|92|64|82|113
government|20190515|90|68|81|104
government|20190615|95|71|86|106
government|20190715|92|70|89|104
government|20190815|92|74|87|109
government|20190915|89|77|90|111
government|20191015|88|81|85|115
government|20191115|86|79|85|119
government|20191215|86|81|82|121
government|20200115|90|82|83|122
government|20200215|95|83|88|127
government|20200315|100|80|86|129
government|20200415|99|73|96|129
government|20200515|102|74|98|126
government|20200615|101|77|98|128
government|20200715|100|79|96|128
government|20200815|97|82|101|132
government|20200915|99|81|95|132
government|20201015|96|80|94|131
government|20201115|103|75|94|127
government|20201215|105|74|93|131
government|20210115|107|74|98|130
government|20210215|108|72|99|133
government|20210315|106|69|106|137
government|20210415|110|78|110|141
government|20210515|111|76|111|134
government|20210615|109|77|112|127
government|20210715|110|73|102|137
government|20210815|114|75|103|141
government|20210915|111|76|109|141
government|20211015|109|81|111|142
government|20211115|111|76|109|134
government|20211215|111|81|111|132
government|20220115|111|83|108|134
government|20220215|109|81|106|136
government|20220315|112|83|111|138
government|20220415|112|86|115|132
government|20220515|115|86|115|132
government|20220615|113|83|118|135
government|20220715|116|83|120|138
government|20220815|113|83|120|139
government|20220915|116|79|126|140
government|20221015|112|85|119|140
government|20221115|118|83|118|141
government|20221215|112|86|121|149
government|20230115|114|84|122|148
government|20230215|116|85|132|144
government|20230315|115|87|128|153
government|20230415|116|88|125|144
government|20230515|120|89|121|148
government|20230615|122|91|122|150
government|20230715|120|92|125|150
government|20230815|123|96|122|154
government|20230915|128|94|125|149
government|20231015|126|92|124|148
government|20231115|128|87|118|151
government|20231215|135|90|119|148
government|20240115|138|89|114|142
government|20240215|132|95|114|148
government|20240315|135|94|109|150
government|20240415|138|92|121|149
government|20240515|134|90|119|154
government|20240615|135|97|124|152
hosting|20140615|651|452|413|488
hosting|20140715|681|448|414|485
hosting|20140815|664|470|413|478
hosting|20140915|664|488|401|495
hosting|20141015|692|468|418|504
hosting|20141115|697|461|415|496
hosting|20141215|697|460|419|496
hosting|20150115|704|470|418|488
hosting|20150215|699|463|441|493
hosting|20150315|696|471|432|502
hosting|20150415|706|478|434|509
hosting|20150515|704|472|442|496
hosting|20150615|709|474|443|517
hosting|20150715|714|483|446|515
hosting|20150815|708|478|455|521
hosting|20150915|697|478|448|537
hosting|20151015|702|493|448|536
hosting|20151115|698|497|453|529
hosting|20151215|720|489|460|530
hosting|20160115|731|498|472|508
hosting|20160215|740|492|463|538
hosting|20160315|732|500|473|550
hosting|20160415|743|509|471|562
hosting|20160515|735|516|471|557
hosting|20160615|756|514|468|578
hosting|20160715|738|510|478|579
hosting|20160815|757|500|481|589
hosting|20160915|760|502|491|582
hosting|20161015|865|491|492|572
hosting|20161115|789|502|496|579
hosting|20161215|769|486|517|573
hosting|20170115|775|488|517|585
hosting|20170215|786|502|503|580
hosting|20170315|872|500|508|577
hosting|20170415|786|506|509|582
hosting|20170515|796|520|510|576
hosting|20170615|771|533|517|586
hosting|20170715|767|540|518|586
hosting|20170815|775|549|512|591
hosting|20170915|799|529|517|610
hosting|20171015|806|539|520|613
hosting|20171115|813|564|528|618
hosting|20171215|810|541|550|621
hosting|20180115|807|530|557|629
hosting|20180215|818|548|545|632
hosting|20180315|897|548|552|648
hosting|20180415|815|538|548|659
hosting|20180515|823|525|569|654
hosting|20180615|822|542|576|665
hosting|20180715|824|544|582|676
hosting|20180815|833|532|588|683
hosting|20180915|832|556|593|665
hosting|20181015|834|567|585|672
hosting|20181115|847|590|572|691
hosting|20181215|850|583|582|685
hosting|20190115|860|591|577|687
hosting|20190215|882|584|579|688
hosting|20190315|907|587|594|687
hosting|20190415|907|599|596|701
hosting|20190515|901|611|588|717
hosting|20190615|915|635|577|709
hosting|20190715|925|633|588|710
hosting|20190815|949|631|576|716
hosting|20190915|939|630|579|711
hosting|20191015|942|636|580|712
hosting|20191115|942|649|603|716
hosting|20191215|936|665|597|718
hosting|20200115|937|682|609|737
hosting|20200215|952|673|586|730
hosting|20200315|942|666|588|731
hosting|20200415|978|676|577|741
hosting|20200515|982|704|577|742
hosting|20200615|984|698|582|757
hosting|20200715|970|713|582|760
hosting|20200815|986|709|608|747
hosting|20200915|1003|719|587|744
hosting|20201015|1028|754|591|760
hosting|20201115|1038|729|598|759
hosting|20201215|1056|726|590|773
hosting|20210115|1072|738|602|761
hosting|20210215|1075|716|581|774
hosting|20210315|1094|723|594|780
hosting|20210415|1083|740|627|763
hosting|20210515|1104|727|635|788
hosting|20210615|1091|732|648|788
hosting|20210715|1108|725|645|793
hosting|20210815|1107|717|662|803
hosting|20210915|1127|727|651|811
hosting|20211015|1087|741|657|822
hosting|20211115|1089|741|659|820
hosting|20211215|1094|745|659|817
hosting|20220115|1106|756|666|830
hosting|20220215|1132|758|674|817
hosting|20220315|1138|761|666|817
hosting|20220415|1296|775|684|833
hosting|20220515|1125|757|680|826
hosting|20220615|1154|777|676|833
hosting|20220715|1157|766|678|850
hosting|20220815|1175|771|689|843
hosting|20220915|1313|768|692|854
hosting|20221015|1176|773|683|861
hosting|20221115|1182|776|676|844
hosting|20221215|1209|759|665|833
hosting|20230115|1205|767|671|835
hosting|20230215|1201|756|701|847
hosting|20230315|1194|782|680|871
hosting|20230415|1210|782|699|862
hosting|20230515|1237|793|702|859
hosting|20230615|1204|811|707|882
hosting|20230715|1212|800|741|862
hosting|20230815|1246|794|739|843
hosting|20230915|1239|788|745|845
hosting|20231015|1226|817|733|846
hosting|20231115|1256|809|738|847
hosting|20231215|1260|809|733|838
hosting|20240115|1256|819|729|838
hosting|20240215|1271|829|728|864
hosting|20240315|1284|835|735|867
hosting|20240415|1307|850|742|852
hosting|20240515|1297|857|739|866
hosting|20240615|1472|860|744|861
internet|20140615|3601|2741|2701|3503
internet|20140715|3681|2732|2695|3539
internet|20140815|3647|2730|2730|3533
internet|20140915|3696|2795|2755|3581
internet|20141015|3770|2736|2788|3617
internet|20141115|3799|2765|2797|3631
internet|20141215|3828|2797|2857|3686
internet|20150115|3830|2888|2875|3694
internet|20150215|3802|2888|2864|3739
internet|20150315|3813|2923|2857|3790
internet|20150415|3894|2941|2880|3850
internet|20150515|3894|2985|2912|3863
internet|20150615|3908|2949|2943|3845
internet|20150715|3909|2978|2920|3851
internet|20150815|3934|2959|2896|3853
internet|20150915|3950|2979|2928|3914
internet|20151015|3968|3037|2916|3910
internet|20151115|3912|3068|2944|3923
internet|20151215|4061|3067|2936|3880
internet|20160115|4079|3075|2987|3851
internet|20160215|4148|3082|3011|3964
internet|20160315|4179|3132|3031|4004
internet|20160415|4134|3181|3019|4055
internet|20160515|4094|3211|3072|4058
internet|20160615|4136|3196|3106|4109
internet|20160715|4128|3251|3111|4169
internet|20160815|4169|3289|3113|4182
internet|20160915|4169|3311|3154|4203
internet|20161015|4623|3306|3156|4239
internet|20161115|4377|3342|3152|4286
internet|20161215|4324|3317|3204|4285
internet|20170115|4294|3313|3217|4346
internet|20170215|4383|3355|3264|4388
internet|20170315|4672|3417|3299|4371
internet|20170415|4350|3455|3332|4396
internet|20170515|4405|3461|3352|4411
internet|20170615|4407|3494|3354|4456
internet|20170715|4380|3554|3365|4473
internet|20170815|4383|3517|3404|4475
internet|20170915|4445|3507|3439|4518
internet|20171015|4488|3594|3445|4526
internet|20171115|4597|3668|3462|4517
internet|20171215|4648|3636|3514|4564
internet|20180115|4605|3637|3530|4591
internet|20180215|4694|3690|3549|4631
internet|20180315|5427|3724|3546|4675
internet|20180415|4681|3706|3538|4710
internet|20180515|4691|3695|3585|4748
internet|20180615|4657|3696|3629|4841
internet|20180715|4685|3719|3631|4935
internet|20180815|4767|3780|3634|4917
internet|20180915|4805|3804|3697|4922
internet|20181015|4790|3825|3702|4995
internet|20181115|4813|3916|3740|5053
internet|20181215|4873|3890|3787|5071
internet|20190115|4867|3936|3708|5142
internet|20190215|4969|3985|3766|5123
internet|20190315|5079|3975|3813|5172
internet|20190415|5101|4052|3886|5269
internet|20190515|5152|4086|3916|5271
internet|20190615|5197|4051|3915|5302
internet|20190715|5240|4099|3952|5347
internet|20190815|5291|4199|3965|5348
internet|20190915|5209|4175|3990|5343
internet|20191015|5236|4206|4015|5466
internet|20191115|5286|4222|4075|5543
internet|20191215|5291|4241|4008|5484
internet|20200115|5374|4286|4038|5484
internet|20200215|5431|4283|4008|5522
internet|20200315|5528|4352|4064|5549
internet|20200415|5698|4426|4089|5630
internet|20200515|5683|4440|4132|5636
internet|20200615|5711|4448|4111|5757
internet|20200715|5689|4509|4126|5754
internet|20200815|5702|4495|4233|5708
internet|20200915|5796|4496|4234|5709
internet|20201015|5871|4538|4227|5722
internet|20201115|5862|4520|4275|5789
internet|20201215|6008|4613|4259|5811
internet|20210115|6062|4575|4309|5877
internet|20210215|6129|4568|4261|5795
internet|20210315|6191|4620|4290|5883
internet|20210415|6203|4687|4371|5948
internet|20210515|6216|4731|4343|5979
internet|20210615|6248|4742|4406|5986
internet|20210715|6328|4714|4379|6040
internet|20210815|6369|4786|4533|6038
internet|20210915|6483|4851|4451|6065
internet|20211015|6433|4925|4450|6120
internet|20211115|6454|4855|4500|6154
internet|20211215|6472|4925|4552|6158
internet|20220115|6586|4961|4580|6245
internet|20220215|6650|4999|4603|6177
internet|20220315|6630|5013|4627|6199
internet|20220415|7175|5017|4634|6252
internet|20220515|6637|4991|4630|6251
internet|20220615|6745|4990|4608|6310
internet|20220715|6704|5057|4623|6349
internet|20220815|6753|5046|4606|6352
internet|20220915|7266|5085|4680|6380
internet|20221015|6713|5102|4644|6413
internet|20221115|6776|5078|4634|6353
internet|20221215|6810|5096|4626|6283
internet|20230115|6819|5091|4670|6316
internet|20230215|6802|5106|4714|6407
internet|20230315|6804|5175|4694|6370
internet|20230415|6875|5196|4710|6404
internet|20230515|6915|5253|4731|6387
internet|20230615|6879|5212|4802|6504
internet|20230715|6791|5230|4804|6412
internet|20230815|6854|5249|4823|6487
internet|20230915|6910|5267|4789|6554
internet|20231015|6905|5289|4733|6587
internet|20231115|6955|5318|4784|6534
internet|20231215|6947|5283|4774|6484
internet|20240115|6949|5289|4747|6500
internet|20240215|7000|5355|4712|6525
internet|20240315|7022|5357|4766|6483
internet|20240415|7089|5379|4740|6540
internet|20240515|7031|5435|4805|6562
internet|20240615|7500|5462|4799|6589
isp|20140615|1137|816|563|875
isp|20140715|1172|799|562|885
isp|20140815|1162|785|582|902
isp|20140915|1191|786|602|903
isp|20141015|1203|766|615|928
isp|20141115|1213|812|634|911
isp|20141215|1235|810|652|944
isp|20150115|1239|853|666|967
isp|20150215|1226|865|650|966
isp|20150315|1230|883|638|985
isp|20150415|1269|877|642|1005
isp|20150515|1264|910|630|1021
isp|20150615|1262|880|649|1005
isp|20150715|1254|898|651|1014
isp|20150815|1272|883|644|1029
isp|20150915|1285|892|656|1039
isp|20151015|1281|912|659|1034
isp|20151115|1262|926|671|1026
isp|20151215|1332|939|665|1027
isp|20160115|1348|943|671|1032
isp|20160215|1390|951|690|1055
isp|20160315|1389|980|691|1066
isp|20160415|1376|985|676|1098
isp|20160515|1359|1003|708|1093
isp|20160615|1363|999|716|1117
isp|20160715|1362|1047|726|1137
isp|20160815|1375|1069|733|1145
isp|20160915|1386|1069|738|1141
isp|20161015|1572|1071|747|1182
isp|20161115|1501|1083|731|1212
isp|20161215|1473|1102|745|1217
isp|20170115|1465|1098|761|1227
isp|20170215|1503|1109|782|1234
isp|20170315|1618|1156|825|1238
isp|20170415|1487|1197|853|1223
isp|20170515|1508|1199|856|1245
isp|20170615|1536|1202|809|1284
isp|20170715|1525|1233|835|1290
isp|20170815|1519|1200|860|1301
isp|20170915|1547|1215|867|1313
isp|20171015|1578|1235|876|1324
isp|20171115|1615|1278|891|1323
isp|20171215|1666|1261|903|1341
isp|20180115|1649|1285|914|1344
isp|20180215|1684|1294|934|1367
isp|20180315|2010|1324|943|1395
isp|20180415|1690|1347|930|1413
isp|20180515|1674|1350|948|1428
isp|20180615|1665|1359|963|1481
isp|20180715|1681|1401|956|1529
isp|20180815|1732|1447|958|1506
isp|20180915|1747|1437|986|1533
isp|20181015|1740|1444|975|1563
isp|20181115|1753|1478|1032|1607
isp|20181215|1798|1478|1030|1628
isp|20190115|1774|1506|995|1662
isp|20190215|1837|1524|1026|1648
isp|20190315|1875|1527|1044|1670
isp|20190415|1894|1549|1075|1710
isp|20190515|1944|1587|1115|1695
isp|20190615|1964|1545|1125|1719
isp|20190715|1994|1583|1130|1750
isp|20190815|2008|1664|1140|1762
isp|20190915|1975|1634|1162|1760
isp|20191015|1995|1646|1202|1820
isp|20191115|2027|1652|1202|1860
isp|20191215|2046|1645|1190|1861
isp|20200115|2083|1662|1215|1836
isp|20200215|2105|1662|1214|1857
isp|20200315|2170|1709|1240|1873
isp|20200415|2313|1776|1233|1905
isp|20200515|2288|1772|1277|1917
isp|20200615|2321|1767|1266|1970
isp|20200715|2321|1814|1282|1971
isp|20200815|2345|1822|1348|1936
isp|20200915|2403|1822|1354|1989
isp|20201015|2461|1814|1356|1974
isp|20201115|2441|1817|1386|2023
isp|20201215|2551|1867|1361|2046
isp|20210115|2559|1858|1395|2087
isp|20210215|2630|1861|1382|2028
isp|20210315|2652|1920|1375|2077
isp|20210415|2660|1957|1421|2121
isp|20210515|2648|2007|1410|2147
isp|20210615|2721|1993|1437|2168
isp|20210715|2782|2000|1443|2201
isp|20210815|2809|2051|1504|2185
isp|20210915|2883|2088|1470|2208
isp|20211015|2871|2134|1474|2239
isp|20211115|2878|2107|1517|2274
isp|20211215|2898|2144|1566|2268
isp|20220115|2981|2162|1591|2328
isp|20220215|3010|2189|1628|2292
isp|20220315|3011|2204|1615|2345
isp|20220415|3233|2198|1598|2369
isp|20220515|3052|2229|1612|2376
isp|20220615|3155|2202|1631|2406
isp|20220715|3099|2260|1640|2429
isp|20220815|3133|2260|1625|2433
isp|20220915|3329|2298|1675|2421
isp|20221015|3117|2300|1652|2480
isp|20221115|3169|2267|1654|2450
isp|20221215|3177|2284|1693|2443
isp|20230115|3205|2302|1697|2462
isp|20230215|3194|2352|1708|2497
isp|20230315|3202|2372|1724|2483
isp|20230415|3254|2402|1710|2536
isp|20230515|3269|2445|1742|2530
isp|20230615|3320|2368|1773|2584
isp|20230715|3250|2407|1760|2587
isp|20230815|3283|2420|1761|2628
isp|20230915|3310|2447|1744|2683
isp|20231015|3325|2442|1725|2712
isp|20231115|3365|2496|1754|2687
isp|20231215|3348|2485|1781|2691
isp|20240115|3381|2502|1770|2721
isp|20240215|3395|2562|1746|2708
isp|20240315|3400|2572|1777|2700
isp|20240415|3449|2568|1768|2750
isp|20240515|3413|2611|1830|2753
isp|20240615|3571|2619|1810|2815
none|20140615|690|507|606|726
none|20140715|679|520|597|731
none|20140815|675|497|609|718
none|20140915|674|510|601|712
none|20141015|688|518|609|714
none|20141115|689|511|589|713
none|20141215|692|514|620|714
none|20150115|698|528|617|719
none|20150215|685|512|613|731
none|20150315|670|525|607|748
none|20150415|692|526|595|767
none|20150515|691|521|619|781
none|20150615|693|520|620|770
none|20150715|692|520|598|765
none|20150815|692|527|576|754
none|20150915|687|519|585|766
none|20151015|689|529|574|767
none|20151115|680|513|579|783
none|20151215|698|523|575|763
none|20160115|689|526|587|735
none|20160215|684|535|596|764
none|20160315|701|539|595|762
none|20160415|680|547|582|764
none|20160515|678|539|580|767
none|20160615|679|528|580|776
none|20160715|688|526|572|779
none|20160815|694|533|566|770
none|20160915|673|537|569|779
none|20161015|735|522|559|776
none|20161115|683|531|570|771
none|20161215|675|519|570|776
none|20170115|673|520|561|787
none|20170215|684|520|574|790
none|20170315|708|521|570|777
none|20170415|668|523|570|757
none|20170515|670|518|563|750
none|20170615|660|499|577|763
none|20170715|652|520|574|756
none|20170815|659|510|579|744
none|20170915|652|505|581|737
none|20171015|636|523|588|721
none|20171115|644|521|572|719
none|20171215|647|523|572|716
none|20180115|639|515|566|722
none|20180215|644|514|577|718
none|20180315|777|525|560|719
none|20180415|632|513|568|700
none|20180515|645|502|569|695
none|20180615|642|477|560|704
none|20180715|634|483|571|691
none|20180815|632|500|552|695
none|20180915|626|494|560|682
none|20181015|631|478|560|691
none|20181115|615|494|547|683
none|20181215|604|487|542|669
none|20190115|610|480|531|683
none|20190215|617|486|527|695
none|20190315|625|472|518|698
none|20190415|627|471|538|689
none|20190515|624|480|526|679
none|20190615|632|470|528|672
none|20190715|623|464|527|674
none|20190815|606|478|534|654
none|20190915|601|483|527|643
none|20191015|599|472|504|654
none|20191115|603|449|519|651
none|20191215|585|448|509|624
none|20200115|615|443|500|620
none|20200215|600|441|481|637
none|20200315|615|445|485|623
none|20200415|599|437|496|634
none|20200515|591|438|493|627
none|20200615|581|436|486|626
none|20200715|577|423|482|604
none|20200815|564|420|471|589
none|20200915|574|401|473|580
none|20201015|564|392|450|568
none|20201115|559|402|447|565
none|20201215|547|424|439|542
none|20210115|549|404|434|556
none|20210215|536|407|440|535
none|20210315|535|385|435|529
none|20210415|524|381|432|541
none|20210515|510|399|420|523
none|20210615|506|394|420|512
none|20210715|508|387|413|506
none|20210815|499|381|423|498
none|20210915|494|385|407|486
none|20211015|493|379|393|486
none|20211115|488|369|390|486
none|20211215|471|362|394|482
none|20220115|471|362|380|487
none|20220215|459|359|392|472
none|20220315|431|335|390|454
none|20220415|456|335|375|442
none|20220515|410|320|358|442
none|20220615|405|322|336|426
none|20220715|392|321|335|416
none|20220815|386|310|311|417
none|20220915|413|297|310|409
none|20221015|376|283|296|388
none|20221115|358|261|283|374
none|20221215|358|263|273|352
none|20230115|346|255|273|337
none|20230215|332|236|249|331
none|20230315|317|229|251|314
none|20230415|322|210|236|308
none|20230515|312|206|230|285
none|20230615|281|215|224|285
none|20230715|268|201|204|269
none|20230815|254|199|202|283
none|20230915|239|184|194|272
none|20231015|231|174|189|257
none|20231115|214|158|170|245
none|20231215|209|151|159|219
none|20240115|180|140|151|191
none|20240215|184|130|144|181
none|20240315|169|121|133|172
none|20240415|151|108|118|163
none|20240515|143|94|110|142
none|20240615|125|82|100|126
