#as_type|date|disagg_1|disagg_2|disagg_3|disagg_4plus
business|20140615|15|3|7|75
business|20140715|14|3|9|78
business|20140815|14|2|10|82
business|20140915|15|1|11|85
business|20141015|14|3|11|86
business|20141115|15|3|11|87
business|20141215|14|3|11|92
business|20150115|14|3|12|88
business|20150215|14|3|12|88
business|20150315|16|2|11|94
business|20150415|16|2|12|92
business|20150515|16|4|13|95
business|20150615|16|4|13|101
business|20150715|17|4|13|98
business|20150815|16|4|13|96
business|20150915|17|3|13|91
business|20151015|18|3|13|95
business|20151115|18|4|13|105
business|20151215|17|4|14|104
business|20160115|18|4|15|108
business|20160215|18|4|15|108
business|20160315|19|4|16|117
business|20160415|19|3|16|114
business|20160515|19|4|17|120
business|20160615|19|3|18|115
business|20160715|21|5|18|122
business|20160815|21|6|17|125
business|20160915|23|4|18|128
business|20161015|21|6|18|130
business|20161115|22|4|17|131
business|20161215|21|6|17|132
business|20170115|22|6|18|132
business|20170215|24|6|17|140
business|20170315|24|6|18|140
business|20170415|24|6|18|140
business|20170515|20|7|17|135
business|20170615|25|8|19|142
business|20170715|25|8|19|142
business|20170815|27|8|24|148
business|20170915|27|8|24|148
business|20171015|23|9|21|149
business|20171115|26|9|21|158
business|20171215|31|9|21|157
business|20180115|30|8|22|158
business|20180215|30|8|22|160
business|20180315|30|8|22|161
business|20180415|30|8|21|161
business|20180515|31|8|22|163
business|20180615|33|8|22|168
business|20180715|35|8|23|174
business|20180815|35|8|23|174
business|20180915|36|7|20|172
business|20181015|33|9|20|187
business|20181115|35|9|20|185
business|20181215|35|10|22|186
business|20190115|36|10|22|188
business|20190215|36|10|22|188
business|20190315|38|11|22|192
business|20190415|36|12|22|188
business|20190515|37|15|24|193
business|20190615|39|13|22|189
business|20190715|39|13|22|189
business|20190815|34|10|23|200
business|20190915|34|10|23|200
business|20191015|37|14|22|196
business|20191115|39|14|23|201
business|20191215|39|15|24|197
business|20200115|38|14|24|205
business|20200215|41|14|22|204
business|20200315|40|13|23|211
business|20200415|43|14|23|216
business|20200515|44|13|22|224
business|20200615|47|13|20|225
business|20200715|46|13|22|228
business|20200815|46|13|22|237
business|20200915|50|15|24|248
business|20201015|51|15|24|239
business|20201115|54|15|24|250
business|20201215|53|16|24|250
business|20210115|53|15|24|250
business|20210215|56|18|22|248
business|20210315|56|20|23|247
business|20210415|54|21|25|251
business|20210515|57|19|25|264
business|20210615|57|25|27|282
business|20210715|59|26|27|282
business|20210815|60|25|29|287
business|20210915|62|28|30|291
business|20211015|62|32|31|295
business|20211115|66|32|29|300
business|20211215|65|36|30|299
business|20220115|66|35|30|303
business|20220215|68|35|29|302
business|20220315|69|36|28|304
business|20220415|72|40|29|302
business|20220515|75|40|29|298
business|20220615|71|39|28|306
business|20220715|76|42|28|313
business|20220815|82|41|28|325
business|20220915|87|44|31|333
business|20221015|87|42|32|331
business|20221115|91|44|30|339
business|20221215|93|42|32|334
business|20230115|92|44|29|340
business|20230215|91|46|31|356
business|20230315|90|47|34|370
business|20230415|95|47|32|366
business|20230515|92|51|30|378
business|20230615|90|53|30|374
business|20230715|92|58|31|379
business|20230815|95|59|30|391
business|20230915|104|66|31|404
business|20231015|103|59|31|400
business|20231115|109|59|30|399
business|20231215|111|59|33|399
business|20240115|108|60|30|411
business|20240215|111|64|33|420
business|20240315|112|62|32|428
business|20240415|105|67|37|431
business|20240515|107|68|35|443
business|20240615|110|71|36|450
education|20140615|11|1|7|35
education|20140715|10|1|8|36
education|20140815|9|1|7|35
education|20140915|8|2|7|37
education|20141015|9|1|8|35
education|20141115|9|1|8|39
education|20141215|9|1|8|37
education|20150115|9|1|8|37
education|20150215|9|1|8|37
education|20150315|9|1|9|39
education|20150415|10|1|9|38
education|20150515|10|2|8|41
education|20150615|10|2|9|42
education|20150715|10|2|9|44
education|20150815|10|2|9|47
education|20150915|10|2|9|46
education|20151015|10|2|8|45
education|20151115|10|2|9|46
education|20151215|10|2|9|47
education|20160115|10|2|8|47
education|20160215|9|2|7|47
education|20160315|9|2|7|47
education|20160415|8|3|7|51
education|20160515|8|3|6|53
education|20160615|8|3|7|52
education|20160715|8|3|7|52
education|20160815|8|4|7|49
education|20160915|5|3|7|48
education|20161015|6|3|7|48
education|20161115|7|3|7|50
education|20161215|7|3|8|52
education|20170115|7|3|7|53
education|20170215|7|3|6|54
education|20170315|7|4|7|53
education|20170415|9|4|7|56
education|20170515|9|4|7|56
education|20170615|9|5|7|55
education|20170715|9|5|7|55
education|20170815|8|4|7|56
education|20170915|8|4|7|56
education|20171015|9|4|7|55
education|20171115|9|5|7|57
education|20171215|11|5|6|59
education|20180115|10|5|7|62
education|20180215|10|4|7|61
education|20180315|11|4|8|62
education|20180415|10|4|8|63
education|20180515|11|4|8|64
education|20180615|12|4|8|65
education|20180715|12|4|9|63
education|20180815|12|4|9|63
education|20180915|12|4|9|63
education|20181015|10|5|8|67
education|20181115|10|5|8|67
education|20181215|10|5|6|67
education|20190115|11|5|7|69
education|20190215|11|5|7|73
education|20190315|11|5|7|73
education|20190415|11|5|6|74
education|20190515|11|5|7|75
education|20190615|11|5|7|77
education|20190715|10|5|7|80
education|20190815|10|5|7|80
education|20190915|10|5|8|85
education|20191015|10|5|8|85
education|20191115|10|5|8|85
education|20191215|10|5|8|86
education|20200115|10|5|8|84
education|20200215|10|5|8|84
education|20200315|10|5|8|84
education|20200415|9|6|10|78
education|20200515|10|7|9|81
education|20200615|10|7|8|82
education|20200715|10|7|9|80
education|20200815|10|7|8|79
education|20200915|10|8|8|82
education|20201015|10|8|8|82
education|20201115|10|8|9|81
education|20201215|10|9|9|82
education|20210115|10|9|9|84
education|20210215|11|10|9|85
education|20210315|12|10|9|83
education|20210415|11|9|9|87
education|20210515|11|8|9|86
education|20210615|12|8|9|88
education|20210715|12|7|9|85
education|20210815|13|7|10|83
education|20210915|13|7|10|82
education|20211015|13|7|10|83
education|20211115|13|7|10|82
education|20211215|13|6|10|84
education|20220115|12|7|10|84
education|20220215|12|7|10|84
education|20220315|14|7|10|90
education|20220415|13|7|10|90
education|20220515|13|7|11|94
education|20220615|13|7|11|95
education|20220715|13|7|11|97
education|20220815|11|7|11|95
education|20220915|10|6|10|97
education|20221015|11|6|10|97
education|20221115|12|6|10|97
education|20221215|14|6|10|97
education|20230115|14|6|10|97
education|20230215|25|10|9|101
education|20230315|25|10|9|101
education|20230415|25|10|9|101
education|20230515|25|10|9|101
education|20230615|25|11|10|97
education|20230715|24|10|10|98
education|20230815|25|10|8|102
education|20230915|25|10|8|105
education|20231015|25|10|8|104
education|20231115|26|10|8|102
education|20231215|26|10|8|106
education|20240115|26|10|8|104
education|20240215|26|10|9|104
education|20240315|26|10|9|103
education|20240415|26|9|9|103
education|20240515|25|9|10|103
education|20240615|26|9|10|104
government|20140615|4|1|0|13
government|20140715|4|1|0|13
government|20140815|5|1|0|12
government|20140915|5|1|0|12
government|20141015|5|1|0|12
government|20141115|5|1|0|13
government|20141215|5|1|1|13
government|20150115|5|1|1|13
government|20150215|5|1|1|13
government|20150315|6|1|1|12
government|20150415|5|1|1|12
government|20150515|5|1|1|12
government|20150615|5|1|1|12
government|20150715|6|1|1|13
government|20150815|6|1|1|14
government|20150915|5|1|1|10
government|20151015|6|1|1|11
government|20151115|5|1|1|13
government|20151215|6|1|1|13
government|20160115|5|1|1|12
government|20160215|5|1|1|12
government|20160315|6|2|1|13
government|20160415|6|2|1|12
government|20160515|7|2|1|13
government|20160615|7|2|1|12
government|20160715|7|2|1|14
government|20160815|6|2|1|14
government|20160915|5|2|1|13
government|20161015|6|2|1|13
government|20161115|6|2|1|12
government|20161215|7|2|1|13
government|20170115|8|3|1|14
government|20170215|8|4|1|15
government|20170315|8|4|1|15
government|20170415|8|4|1|15
government|20170515|8|4|1|15
government|20170615|9|4|1|15
government|20170715|9|4|1|15
government|20170815|9|3|2|15
government|20170915|9|3|2|15
government|20171015|9|3|2|17
government|20171115|11|3|2|17
government|20171215|9|2|2|18
government|20180115|9|2|2|18
government|20180215|10|2|2|19
government|20180315|10|2|2|18
government|20180415|10|2|2|18
government|20180515|11|3|2|19
government|20180615|11|3|2|19
government|20180715|11|3|2|19
government|20180815|11|3|2|19
government|20180915|10|2|2|20
government|20181015|10|2|2|21
government|20181115|11|2|2|21
government|20181215|11|2|2|22
government|20190115|11|2|2|20
government|20190215|11|2|2|20
government|20190315|10|3|2|20
government|20190415|11|3|2|19
government|20190515|11|3|2|19
government|20190615|12|4|2|20
government|20190815|12|5|1|23
government|20191015|12|5|1|23
government|20191115|12|5|1|23
government|20191215|13|6|1|23
government|20200115|15|6|1|23
government|20200215|14|7|1|22
government|20200315|12|6|1|23
government|20200415|13|6|1|23
government|20200515|14|5|0|23
government|20200615|14|5|1|23
government|20200715|14|4|0|24
government|20200815|15|4|0|25
government|20200915|15|4|0|24
government|20201015|16|4|0|25
government|20201115|16|4|0|26
government|20201215|15|4|1|28
government|20210115|16|4|1|28
government|20210215|16|4|0|27
government|20210315|16|3|0|27
government|20210415|16|2|0|28
government|20210515|15|2|0|27
government|20210615|15|2|0|27
government|20210715|16|4|0|25
government|20210815|15|4|0|25
government|20210915|15|5|0|25
government|20211015|15|5|0|26
government|20211115|14|5|0|26
government|20211215|13|5|0|27
government|20220115|12|5|0|28
government|20220215|12|5|0|29
government|20220315|12|5|0|28
government|20220415|12|4|0|28
government|20220515|12|4|0|30
government|20220615|12|4|0|32
government|20220715|13|4|0|31
government|20220815|13|4|0|32
government|20220915|13|4|0|34
government|20221015|13|5|0|34
government|20221115|14|5|0|33
government|20221215|15|5|0|33
government|20230115|14|5|0|33
government|20230215|14|5|0|33
government|20230315|13|5|0|37
government|20230415|13|5|0|35
government|20230515|14|5|0|35
government|20230615|16|5|1|34
government|20230715|15|5|1|34
government|20230815|15|5|1|34
government|20230915|15|6|2|32
government|20231015|15|5|2|32
government|20231115|15|5|2|32
government|20231215|13|5|4|31
government|20240115|13|5|4|32
government|20240215|12|6|4|31
government|20240315|12|6|4|32
government|20240415|12|6|4|31
government|20240515|13|6|4|32
government|20240615|14|6|3|32
hosting|20140615|22|8|35|179
hosting|20140715|23|8|34|184
hosting|20140815|25|8|33|190
hosting|20140915|25|7|34|193
hosting|20141015|25|7|33|202
hosting|20141115|23|7|33|202
hosting|20141215|24|6|36|195
hosting|20150115|25|7|36|201
hosting|20150215|25|7|36|201
hosting|20150315|27|7|39|214
hosting|20150415|26|7|38|212
hosting|20150515|27|7|41|224
hosting|20150615|26|7|41|227
hosting|20150715|24|7|41|232
hosting|20150815|24|7|43|230
hosting|20150915|25|7|43|231
hosting|20151015|25|7|43|245
hosting|20151115|26|8|38|253
hosting|20151215|26|8|37|258
hosting|20160115|26|8|38|259
hosting|20160215|26|8|38|259
hosting|20160315|26|7|40|267
hosting|20160415|25|7|40|269
hosting|20160515|27|7|39|279
hosting|20160615|27|7|42|285
hosting|20160715|27|7|41|287
hosting|20160815|27|8|41|287
hosting|20160915|26|8|44|294
hosting|20161015|28|10|45|306
hosting|20161115|27|12|49|314
hosting|20161215|25|12|50|323
hosting|20170115|27|11|49|325
hosting|20170215|26|12|50|326
hosting|20170315|24|13|52|334
hosting|20170415|24|13|52|334
hosting|20170515|24|11|53|331
hosting|20170615|25|12|51|334
hosting|20170715|25|12|51|334
hosting|20170815|26|12|53|341
hosting|20170915|26|12|53|341
hosting|20171015|25|11|55|348
hosting|20171115|28|12|57|358
hosting|20171215|25|12|54|355
hosting|20180115|25|12|54|360
hosting|20180215|27|11|54|367
hosting|20180315|28|11|56|367
hosting|20180415|30|11|52|383
hosting|20180515|30|12|52|384
hosting|20180615|33|12|52|396
hosting|20180715|36|12|53|412
hosting|20180815|36|12|53|412
hosting|20180915|33|12|57|420
hosting|20181015|33|12|59|426
hosting|20181115|33|14|53|435
hosting|20181215|34|14|59|443
hosting|20190115|35|15|56|447
hosting|20190215|35|15|56|447
hosting|20190315|33|19|55|436
hosting|20190415|34|20|54|450
hosting|20190515|36|20|56|459
hosting|20190615|37|18|55|469
hosting|20190715|37|18|55|469
hosting|20190815|42|20|56|467
hosting|20190915|42|20|56|467
hosting|20191015|44|19|60|481
hosting|20191115|42|20|62|494
hosting|20191215|41|22|64|495
hosting|20200115|43|22|64|502
hosting|20200215|43|20|64|513
hosting|20200315|44|22|65|524
hosting|20200415|47|21|63|534
hosting|20200515|47|25|63|529
hosting|20200615|46|23|58|532
hosting|20200715|48|26|63|561
hosting|20200815|49|27|60|562
hosting|20200915|48|27|59|581
hosting|20201015|49|31|59|573
hosting|20201115|50|30|59|587
hosting|20201215|54|28|63|588
hosting|20210115|54|27|63|599
hosting|20210215|52|28|64|602
hosting|20210315|54|29|68|607
hosting|20210415|54|30|61|608
hosting|20210515|54|29|62|614
hosting|20210615|55|29|63|631
hosting|20210715|57|27|62|635
hosting|20210815|59|27|61|634
hosting|20210915|58|27|65|653
hosting|20211015|59|27|60|656
hosting|20211115|59|28|57|658
hosting|20211215|59|27|58|663
hosting|20220115|61|27|60|664
hosting|20220215|59|31|59|674
hosting|20220315|60|34|61|680
hosting|20220415|60|30|60|674
hosting|20220515|59|30|62|679
hosting|20220615|62|33|64|692
hosting|20220715|65|31|66|700
hosting|20220815|64|31|65|717
hosting|20220915|65|28|64|724
hosting|20221015|63|28|63|708
hosting|20221115|65|28|69|704
hosting|20221215|65|28|67|726
hosting|20230115|65|31|66|734
hosting|20230215|66|29|67|742
hosting|20230315|69|31|69|760
hosting|20230415|69|29|68|740
hosting|20230515|67|30|72|745
hosting|20230615|66|27|71|748
hosting|20230715|67|27|72|736
hosting|20230815|66|28|74|737
hosting|20230915|67|30|73|758
hosting|20231015|71|27|71|761
hosting|20231115|72|25|74|769
hosting|20231215|72|24|76|782
hosting|20240115|73|25|78|784
hosting|20240215|71|26|79|807
hosting|20240315|73|29|79|806
hosting|20240415|71|28|78|823
hosting|20240515|72|28|79|843
hosting|20240615|70|29|77|846
isp|20140615|33|17|25|218
isp|20140715|33|16|23|229
isp|20140815|32|17|29|240
isp|20140915|35|16|30|240
isp|20141015|41|16|29|246
isp|20141115|46|17|28|273
isp|20141215|48|15|30|283
isp|20150115|47|14|30|284
isp|20150215|47|14|30|284
isp|20150315|51|15|29|274
isp|20150415|48|16|28|288
isp|20150515|46|16|30|288
isp|20150615|48|19|29|289
isp|20150715|44|18|34|292
isp|20150815|40|21|32|303
isp|20150915|43|23|31|297
isp|20151015|51|20|35|306
isp|20151115|56|22|36|321
isp|20151215|63|23|38|333
isp|20160115|66|24|38|340
isp|20160215|66|24|38|340
isp|20160315|78|26|39|371
isp|20160415|76|26|43|365
isp|20160515|82|28|42|368
isp|20160615|89|32|42|390
isp|20160715|97|29|45|393
isp|20160815|97|31|47|395
isp|20160915|103|30|48|397
isp|20161015|106|24|50|419
isp|20161115|116|23|49|428
isp|20161215|120|25|51|439
isp|20170115|124|21|54|436
isp|20170215|123|26|54|448
isp|20170315|129|32|53|464
isp|20170415|129|32|53|464
isp|20170515|135|38|53|490
isp|20170615|139|40|59|507
isp|20170715|139|40|59|507
isp|20170815|145|42|63|538
isp|20170915|145|42|63|538
isp|20171015|144|47|61|537
isp|20171115|159|49|73|569
isp|20171215|162|51|72|609
isp|20180115|168|55|71|626
isp|20180215|175|59|70|610
isp|20180315|174|65|75|615
isp|20180415|175|70|77|626
isp|20180515|181|74|79|621
isp|20180615|186|73|83|658
isp|20180715|200|74|88|693
isp|20180815|200|74|88|693
isp|20180915|213|85|90|761
isp|20181015|224|83|93|782
isp|20181115|239|78|88|804
isp|20181215|246|83|90|816
isp|20190115|246|87|93|828
isp|20190215|246|87|93|828
isp|20190315|261|90|92|848
isp|20190415|265|100|89|870
isp|20190515|273|103|89|886
isp|20190615|298|121|96|904
isp|20190715|298|121|96|904
isp|20190815|314|137|97|937
isp|20190915|314|137|97|937
isp|20191015|342|162|98|1005
isp|20191115|358|161|97|1017
isp|20191215|368|155|102|1042
isp|20200115|370|156|104|1070
isp|20200215|372|171|99|1096
isp|20200315|378|180|104|1104
isp|20200415|390|189|109|1165
isp|20200515|412|211|110|1173
isp|20200615|430|229|110|1182
isp|20200715|450|245|116|1219
isp|20200815|458|247|111|1217
isp|20200915|488|268|114|1299
isp|20201015|498|285|119|1316
isp|20201115|516|295|117|1340
isp|20201215|532|310|122|1374
isp|20210115|550|329|119|1410
isp|20210215|565|339|122|1425
isp|20210315|603|362|122|1469
isp|20210415|623|381|130|1489
isp|20210515|625|415|125|1535
isp|20210615|656|432|132|1614
isp|20210715|652|427|135|1604
isp|20210815|677|432|137|1619
isp|20210915|705|466|132|1669
isp|20211015|726|469|140|1685
isp|20211115|730|472|141|1684
isp|20211215|752|467|145|1715
isp|20220115|767|465|146|1712
isp|20220215|779|464|141|1745
isp|20220315|792|479|146|1779
isp|20220415|793|488|152|1799
isp|20220515|803|506|142|1801
isp|20220615|840|503|150|1830
isp|20220715|874|519|154|1885
isp|20220815|894|521|153|1929
isp|20220915|904|547|156|1964
isp|20221015|897|555|151|1955
isp|20221115|900|574|155|2006
isp|20221215|922|595|158|2031
isp|20230115|923|596|162|2062
isp|20230215|943|610|168|2107
isp|20230315|978|641|171|2172
isp|20230415|988|633|170|2148
isp|20230515|1002|627|175|2166
isp|20230615|1015|633|169|2160
isp|20230715|1019|659|169|2193
isp|20230815|1040|684|174|2249
isp|20230915|1054|724|184|2322
isp|20231015|1039|697|178|2277
isp|20231115|1064|701|173|2286
isp|20231215|1075|717|178|2307
isp|20240115|1077|713|173|2330
isp|20240215|1115|710|177|2335
isp|20240315|1127|732|176|2354
isp|20240415|1132|739|182|2369
isp|20240515|1134|751|194|2428
isp|20240615|1142|756|194|2444
none|20140615|9|3|6|91
none|20140715|8|3|6|89
none|20140815|8|3|7|90
none|20140915|9|3|7|90
none|20141015|10|3|7|88
none|20141115|11|3|7|91
none|20141215|13|5|7|94
none|20150115|14|4|7|94
none|20150215|14|4|7|94
none|20150315|13|5|7|94
none|20150415|16|4|9|92
none|20150515|16|5|7|96
none|20150615|18|4|8|97
none|20150715|18|5|7|101
none|20150815|18|5|7|97
none|20150915|20|7|9|92
none|20151015|20|8|8|100
none|20151115|20|6|7|102
none|20151215|19|7|8|104
none|20160115|19|7|9|105
none|20160215|19|7|9|105
none|20160315|21|8|8|113
none|20160415|22|8|7|114
none|20160515|23|9|9|118
none|20160615|25|12|9|116
none|20160715|27|14|10|113
none|20160815|27|18|8|115
none|20160915|26|19|8|112
none|20161015|29|17|7|110
none|20161115|28|16|8|111
none|20161215|30|15|7|113
none|20170115|33|14|7|111
none|20170215|36|14|9|104
none|20170315|35|16|8|106
none|20170415|35|16|8|106
none|20170515|39|14|7|109
none|20170615|37|17|7|115
none|20170715|37|17|7|115
none|20170815|39|17|10|116
none|20170915|39|17|10|116
none|20171015|32|18|8|113
none|20171115|34|20|8|118
none|20171215|34|18|9|121
none|20180115|33|16|10|125
none|20180215|37|15|10|129
none|20180315|36|16|8|135
none|20180415|41|16|8|134
none|20180515|40|17|7|134
none|20180615|36|17|7|131
none|20180715|40|18|9|137
none|20180815|40|18|9|137
none|20180915|40|20|9|137
none|20181015|41|22|8|138
none|20181115|43|21|8|149
none|20181215|44|20|9|152
none|20190115|46|18|7|150
none|20190215|46|18|7|150
none|20190315|51|16|7|144
none|20190415|50|13|5|155
none|20190515|46|14|9|158
none|20190615|51|14|7|148
none|20190715|51|14|7|148
none|20190815|47|13|6|163
none|20190915|47|13|6|163
none|20191015|50|16|7|170
none|20191115|50|16|10|173
none|20191215|47|18|10|173
none|20200115|51|17|11|171
none|20200215|46|17|9|167
none|20200315|46|18|10|174
none|20200415|46|18|10|180
none|20200515|46|19|11|173
none|20200615|42|20|9|172
none|20200715|43|17|11|178
none|20200815|43|19|11|166
none|20200915|50|17|12|171
none|20201015|48|21|13|172
none|20201115|49|23|16|165
none|20201215|51|23|15|162
none|20210115|49|21|16|163
none|20210215|60|19|17|161
none|20210315|64|17|18|161
none|20210415|61|21|17|152
none|20210515|66|26|17|162
none|20210615|65|29|18|171
none|20210715|63|27|16|155
none|20210815|63|26|14|148
none|20210915|67|30|16|158
none|20211015|63|33|15|160
none|20211115|65|36|12|147
none|20211215|66|33|11|145
none|20220115|66|33|11|145
none|20220215|57|31|10|146
none|20220315|59|33|10|148
none|20220415|52|33|9|142
none|20220515|56|33|7|132
none|20220615|58|31|6|135
none|20220715|56|33|6|135
none|20220815|54|35|6|128
none|20220915|55|37|8|128
none|20221015|61|35|6|126
none|20221115|60|33|5|127
none|20221215|60|32|6|127
none|20230115|55|30|5|124
none|20230215|55|30|5|129
none|20230315|54|32|5|138
none|20230415|54|26|4|126
none|20230515|53|27|4|126
none|20230615|53|25|4|112
none|20230715|50|21|5|109
none|20230815|50|21|5|109
none|20230915|50|22|4|111
none|20231015|50|22|4|111
none|20231115|50|22|4|111
none|20231215|50|22|4|111
none|20240115|60|32|6|127
none|20240215|50|22|4|111
none|20240315|50|22|4|111
none|20240415|50|22|4|111
none|20240515|53|27|4|126
none|20240615|54|32|5|138
internet|20140615|94|33|80|611
internet|20140715|92|32|80|629
internet|20140815|93|32|86|649
internet|20140915|97|30|89|657
internet|20141015|104|31|88|669
internet|20141115|109|32|87|705
internet|20141215|113|31|93|714
internet|20150115|114|30|94|717
internet|20150215|114|30|94|717
internet|20150315|122|31|96|727
internet|20150415|121|31|97|734
internet|20150515|120|35|100|756
internet|20150615|123|37|101|768
internet|20150715|119|37|105|780
internet|20150815|114|40|105|787
internet|20150915|120|43|106|767
internet|20151015|130|41|108|802
internet|20151115|135|43|104|840
internet|20151215|141|45|107|859
internet|20160115|144|46|109|871
internet|20160215|144|46|109|871
internet|20160315|159|49|111|928
internet|20160415|156|49|114|925
internet|20160515|166|53|114|951
internet|20160615|175|59|119|970
internet|20160715|187|60|122|981
internet|20160815|186|69|121|985
internet|20160915|188|66|126|992
internet|20161015|196|62|128|1026
internet|20161115|206|60|131|1046
internet|20161215|210|63|134|1072
internet|20170115|221|58|136|1071
internet|20170215|224|65|137|1087
internet|20170315|227|75|139|1112
internet|20170415|227|75|139|1112
internet|20170515|235|78|138|1136
internet|20170615|244|86|144|1168
internet|20170715|244|86|144|1168
internet|20170815|254|86|159|1214
internet|20170915|254|86|159|1214
internet|20171015|242|92|154|1219
internet|20171115|267|98|168|1277
internet|20171215|272|97|164|1319
internet|20180115|275|98|166|1349
internet|20180215|289|99|165|1346
internet|20180315|288|106|171|1358
internet|20180415|296|111|168|1385
internet|20180515|304|118|170|1385
internet|20180615|311|117|174|1437
internet|20180715|334|119|184|1498
internet|20180815|334|119|184|1498
internet|20180915|341|131|186|1576
internet|20181015|351|133|190|1621
internet|20181115|370|129|178|1659
internet|20181215|380|134|188|1686
internet|20190115|385|137|187|1702
internet|20190215|385|137|187|1702
internet|20190315|404|144|185|1713
internet|20190415|407|153|178|1756
internet|20190515|414|160|187|1790
internet|20190615|448|175|189|1807
internet|20190715|448|175|189|1807
internet|20190815|459|190|190|1870
internet|20190915|459|190|190|1870
internet|20191015|495|221|196|1960
internet|20191115|510|221|201|1993
internet|20191215|518|221|209|2016
internet|20200115|527|220|212|2055
internet|20200215|525|236|202|2081
internet|20200315|529|245|211|2113
internet|20200415|548|254|216|2196
internet|20200515|573|280|215|2203
internet|20200615|589|297|206|2216
internet|20200715|611|312|221|2290
internet|20200815|621|317|212|2286
internet|20200915|661|339|217|2405
internet|20201015|671|364|223|2405
internet|20201115|695|375|225|2449
internet|20201215|715|390|234|2484
internet|20210115|732|405|232|2534
internet|20210215|760|418|234|2548
internet|20210315|805|441|240|2594
internet|20210415|819|464|242|2615
internet|20210515|828|499|238|2688
internet|20210615|860|525|249|2813
internet|20210715|859|518|249|2786
internet|20210815|887|521|251|2796
internet|20210915|920|563|253|2878
internet|20211015|938|573|256|2905
internet|20211115|947|580|249|2897
internet|20211215|968|574|254|2933
internet|20220115|982|568|255|2940
internet|20220215|987|573|248|2984
internet|20220315|1006|594|255|3029
internet|20220415|1002|602|260|3035
internet|20220515|1018|620|251|3034
internet|20220615|1056|617|259|3090
internet|20220715|1097|636|265|3161
internet|20220815|1118|639|263|3226
internet|20220915|1134|666|269|3280
internet|20221015|1132|671|262|3251
internet|20221115|1142|690|269|3306
internet|20221215|1169|708|273|3348
internet|20230115|1162|713|271|3390
internet|20230215|1182|728|280|3467
internet|20230315|1217|764|288|3579
internet|20230415|1244|749|283|3514
internet|20230515|1253|750|290|3551
internet|20230615|1265|754|285|3525
internet|20230715|1267|780|288|3549
internet|20230815|1293|808|291|3620
internet|20230915|1315|858|302|3732
internet|20231015|1291|819|294|3668
internet|20231115|1319|818|291|3673
internet|20231215|1331|831|302|3703
internet|20240115|1323|826|295|3737
internet|20240215|1356|831|304|3769
internet|20240315|1364|853|301|3790
internet|20240415|1362|859|311|3815
internet|20240515|1366|869|322|3902
internet|20240615|1372|875|321|3918
