region|date|observed_ases|use_moreSpecific|moreSpecific_fraction
apnic|20140615|1237|181|14.63
apnic|20140715|1235|183|14.82
apnic|20140815|1262|193|15.29
apnic|20140915|1271|194|15.26
apnic|20141015|1280|193|15.08
apnic|20141115|1291|198|15.34
apnic|20141215|1305|197|15.10
apnic|20150115|1306|201|15.39
apnic|20150215|1306|201|15.39
apnic|20150315|1328|201|15.14
apnic|20150415|1342|206|15.35
apnic|20150515|1361|209|15.36
apnic|20150615|1360|203|14.93
apnic|20150715|1381|216|15.64
apnic|20150815|1383|211|15.26
apnic|20150915|1383|203|14.68
apnic|20151015|1401|214|15.27
apnic|20151115|1442|226|15.67
apnic|20151215|1457|229|15.72
apnic|20160115|1463|227|15.52
apnic|20160215|1463|227|15.52
apnic|20160315|1520|238|15.66
apnic|20160415|1524|242|15.88
apnic|20160515|1536|243|15.82
apnic|20160615|1550|250|16.13
apnic|20160715|1565|253|16.17
apnic|20160815|1578|253|16.03
apnic|20160915|1620|256|15.80
apnic|20161015|1662|268|16.13
apnic|20161115|1661|269|16.20
apnic|20161215|1708|274|16.04
apnic|20170115|1701|272|15.99
apnic|20170215|1728|278|16.09
apnic|20170315|1744|272|15.60
apnic|20170415|1765|271|15.35
apnic|20170515|1765|271|15.35
apnic|20170615|1820|287|15.77
apnic|20170715|1820|287|15.77
apnic|20170815|1837|285|15.51
apnic|20170915|1837|285|15.51
apnic|20171015|1856|290|15.62
apnic|20171115|1901|304|15.99
apnic|20171215|1923|301|15.65
apnic|20180115|1946|311|15.98
apnic|20180215|1986|320|16.11
apnic|20180315|2000|323|16.15
apnic|20180415|2017|324|16.06
apnic|20180515|2053|326|15.88
apnic|20180615|2085|337|16.16
apnic|20180715|2156|352|16.33
apnic|20180815|2156|352|16.33
apnic|20180915|2218|372|16.77
apnic|20181015|2248|375|16.68
apnic|20181115|2273|387|17.03
apnic|20181215|2322|396|17.05
apnic|20190115|2337|401|17.16
apnic|20190215|2337|401|17.16
apnic|20190315|2366|409|17.29
apnic|20190415|2402|418|17.40
apnic|20190515|2433|428|17.59
apnic|20190615|2441|431|17.66
apnic|20190715|2441|431|17.66
apnic|20190815|2485|449|18.07
apnic|20190915|2485|449|18.07
apnic|20191015|2558|463|18.10
apnic|20191115|2569|479|18.65
apnic|20191215|2596|483|18.61
apnic|20200115|2625|497|18.93
apnic|20200215|2642|501|18.96
apnic|20200315|2650|500|18.87
apnic|20200415|2702|515|19.06
apnic|20200515|2729|516|18.91
apnic|20200615|2747|511|18.60
apnic|20200715|2803|519|18.52
apnic|20200815|2804|515|18.37
apnic|20200915|2865|538|18.78
apnic|20201015|2874|534|18.58
apnic|20201115|2890|539|18.65
apnic|20201215|2937|545|18.56
apnic|20210115|2947|546|18.53
apnic|20210215|3011|558|18.53
apnic|20210315|3031|573|18.90
apnic|20210415|3071|587|19.11
apnic|20210515|3125|595|19.04
apnic|20210615|7358|617|8.39
apnic|20210715|7347|606|8.25
apnic|20210815|7445|621|8.34
apnic|20210915|7500|632|8.43
apnic|20211015|7536|638|8.47
apnic|20211115|7540|638|8.46
apnic|20211215|7605|624|8.21
apnic|20220115|7721|625|8.09
apnic|20220215|7743|633|8.18
apnic|20220315|7816|645|8.25
apnic|20220415|7807|645|8.26
apnic|20220515|7814|647|8.28
apnic|20220615|7846|664|8.46
apnic|20220715|7904|685|8.67
apnic|20220815|7972|698|8.76
apnic|20220915|8000|714|8.92
apnic|20221015|8028|708|8.82
apnic|20221115|8126|725|8.92
apnic|20221215|8203|731|8.91
apnic|20230115|8255|752|9.11
apnic|20230215|8339|763|9.15
apnic|20230315|8448|780|9.23
apnic|20230415|8447|771|9.13
apnic|20230515|8466|779|9.20
apnic|20230615|8510|772|9.07
apnic|20230715|8517|776|9.11
apnic|20230815|8635|792|9.17
apnic|20230915|8735|814|9.32
apnic|20231015|8741|799|9.14
apnic|20231115|8747|793|9.07
apnic|20231215|8724|793|9.09
apnic|20240115|8803|800|9.09
apnic|20240215|8833|810|9.17
apnic|20240315|8878|810|9.12
apnic|20240415|8919|823|9.23
apnic|20240515|8947|835|9.33
apnic|20240615|8965|837|9.34
internet|20140615|8418|818|9.72
internet|20140715|8504|833|9.80
internet|20140815|8634|860|9.96
internet|20140915|8736|873|9.99
internet|20141015|8839|892|10.09
internet|20141115|8988|933|10.38
internet|20141215|9124|951|10.42
internet|20150115|9217|955|10.36
internet|20150215|9217|955|10.36
internet|20150315|9431|976|10.35
internet|20150415|9529|983|10.32
internet|20150515|9661|1011|10.46
internet|20150615|9851|1029|10.45
internet|20150715|9962|1041|10.45
internet|20150815|10062|1046|10.40
internet|20150915|10143|1036|10.21
internet|20151015|10352|1081|10.44
internet|20151115|10573|1122|10.61
internet|20151215|10773|1152|10.69
internet|20160115|10884|1170|10.75
internet|20160215|10884|1170|10.75
internet|20160315|11287|1247|11.05
internet|20160415|11382|1244|10.93
internet|20160515|11551|1284|11.12
internet|20160615|11679|1323|11.33
internet|20160715|11879|1350|11.36
internet|20160815|12000|1361|11.34
internet|20160915|12125|1372|11.32
internet|20161015|12296|1412|11.48
internet|20161115|12382|1443|11.65
internet|20161215|12603|1479|11.74
internet|20170115|12663|1486|11.73
internet|20170215|12921|1513|11.71
internet|20170315|13081|1553|11.87
internet|20170415|13081|1553|11.87
internet|20170515|13307|1587|11.93
internet|20170615|13521|1642|12.14
internet|20170715|13521|1642|12.14
internet|20170815|13860|1713|12.36
internet|20170915|13860|1713|12.36
internet|20171015|14064|1707|12.14
internet|20171115|14454|1810|12.52
internet|20171215|14459|1852|12.81
internet|20180115|14575|1888|12.95
internet|20180215|14727|1899|12.89
internet|20180315|14800|1923|12.99
internet|20180415|14949|1960|13.11
internet|20180515|15133|1977|13.06
internet|20180615|15376|2039|13.26
internet|20180715|15733|2135|13.57
internet|20180815|15733|2135|13.57
internet|20180915|15815|2234|14.13
internet|20181015|15975|2295|14.37
internet|20181115|16113|2336|14.50
internet|20181215|16367|2388|14.59
internet|20190115|16440|2411|14.67
internet|20190215|16440|2411|14.67
internet|20190315|16680|2446|14.66
internet|20190415|16814|2494|14.83
internet|20190515|17074|2551|14.94
internet|20190615|17195|2619|15.23
internet|20190715|17559|2709|15.43
internet|20190815|17559|2709|15.43
internet|20190915|17559|2709|15.43
internet|20191015|18064|2872|15.90
internet|20191115|18202|2925|16.07
internet|20191215|18400|2964|16.11
internet|20200115|18680|3014|16.13
internet|20200215|18853|3044|16.15
internet|20200315|19006|3098|16.30
internet|20200415|19404|3214|16.56
internet|20200515|19655|3271|16.64
internet|20200615|19702|3308|16.79
internet|20200715|20218|3434|16.98
internet|20200815|20214|3436|17.00
internet|20200915|20696|3622|17.50
internet|20201015|20766|3663|17.64
internet|20201115|20972|3744|17.85
internet|20201215|21250|3823|17.99
internet|20210115|21437|3903|18.21
internet|20210215|21756|3960|18.20
internet|20210315|21975|4080|18.57
internet|20210415|22224|4140|18.63
internet|20210515|22496|4253|18.91
internet|20210615|23009|4447|19.33
internet|20210715|22923|4412|19.25
internet|20210815|23130|4455|19.26
internet|20210915|23452|4614|19.67
internet|20211015|23508|4672|19.87
internet|20211115|23631|4673|19.77
internet|20211215|23805|4729|19.87
internet|20220115|23991|4745|19.78
internet|20220215|24180|4792|19.82
internet|20220315|24478|4884|19.95
internet|20220415|24545|4899|19.96
internet|20220515|24663|4923|19.96
internet|20220615|24821|5022|20.23
internet|20220715|25096|5159|20.56
internet|20220815|25398|5246|20.66
internet|20220915|25521|5349|20.96
internet|20221015|25608|5316|20.76
internet|20221115|25881|5407|20.89
internet|20221215|26130|5498|21.04
internet|20230115|26288|5536|21.06
internet|20230215|26541|5657|21.31
internet|20230315|27016|5848|21.65
internet|20230415|27025|5790|21.42
internet|20230515|27176|5844|21.50
internet|20230615|27237|5829|21.40
internet|20230715|27354|5884|21.51
internet|20230815|27759|6012|21.66
internet|20230915|28212|6207|22.00
internet|20231015|28128|6072|21.59
internet|20231115|28148|6101|21.67
internet|20231215|28215|6167|21.86
internet|20240115|28443|6181|21.73
internet|20240215|28707|6260|21.81
internet|20240315|28858|6308|21.86
internet|20240415|29078|6347|21.83
internet|20240515|29283|6459|22.06
internet|20240615|29405|6486|22.06
arin|20140615|2141|239|11.16
arin|20140715|2166|244|11.27
arin|20140815|2190|247|11.28
arin|20140915|2202|252|11.44
arin|20141015|2219|257|11.58
arin|20141115|2246|264|11.75
arin|20141215|2264|265|11.70
arin|20150115|2305|271|11.76
arin|20150215|2305|271|11.76
arin|20150315|2339|285|12.18
arin|20150415|2332|287|12.31
arin|20150515|2364|292|12.35
arin|20150615|2416|302|12.50
arin|20150715|2435|296|12.16
arin|20150815|2468|301|12.20
arin|20150915|2458|293|11.92
arin|20151015|2492|303|12.16
arin|20151115|2539|309|12.17
arin|20151215|2572|315|12.25
arin|20160115|2594|323|12.45
arin|20160215|2594|323|12.45
arin|20160315|2682|342|12.75
arin|20160415|2678|334|12.47
arin|20160515|2729|345|12.64
arin|20160615|2723|336|12.34
arin|20160715|2773|353|12.73
arin|20160815|2787|352|12.63
arin|20160915|2769|347|12.53
arin|20161015|2824|356|12.61
arin|20161115|2816|365|12.96
arin|20161215|2867|374|13.04
arin|20170115|2866|373|13.01
arin|20170215|2900|381|13.14
arin|20170315|2924|388|13.27
arin|20170415|2924|388|13.27
arin|20170515|2934|388|13.22
arin|20170615|2986|390|13.06
arin|20170715|2986|390|13.06
arin|20170815|3091|405|13.10
arin|20170915|3091|405|13.10
arin|20171015|3143|411|13.08
arin|20171115|3182|421|13.23
arin|20171215|3187|423|13.27
arin|20180115|3210|428|13.33
arin|20180215|3214|428|13.32
arin|20180315|3198|424|13.26
arin|20180415|3221|426|13.23
arin|20180515|3251|442|13.60
arin|20180615|3272|455|13.91
arin|20180715|3318|462|13.92
arin|20180815|3318|462|13.92
arin|20180915|3307|456|13.79
arin|20181015|3345|467|13.96
arin|20181115|3325|469|14.11
arin|20181215|3354|475|14.16
arin|20190115|3348|476|14.22
arin|20190215|3348|476|14.22
arin|20190315|3396|479|14.10
arin|20190415|3402|484|14.23
arin|20190515|3425|496|14.48
arin|20190615|3433|498|14.51
arin|20190615|3433|498|14.51
arin|20190815|3464|503|14.52
arin|20190915|3464|503|14.52
arin|20191015|3518|512|14.55
arin|20191115|3524|511|14.50
arin|20191215|3539|512|14.47
arin|20200115|3589|518|14.43
arin|20200215|3602|517|14.35
arin|20200315|3616|526|14.55
arin|20200415|3627|530|14.61
arin|20200515|3637|533|14.65
arin|20200615|3639|536|14.73
arin|20200715|3679|554|15.06
arin|20200815|3673|552|15.03
arin|20200915|3715|560|15.07
arin|20201015|3722|562|15.10
arin|20201115|3744|568|15.17
arin|20201215|3754|571|15.21
arin|20210115|3754|578|15.40
arin|20210215|3792|576|15.19
arin|20210315|3793|582|15.34
arin|20210415|3815|581|15.23
arin|20210515|3836|590|15.38
arin|20210615|3881|602|15.51
arin|20210715|3875|607|15.66
arin|20210815|3899|610|15.65
arin|20210915|3926|613|15.61
arin|20211015|3936|620|15.75
arin|20211115|3944|611|15.49
arin|20211215|3940|616|15.63
arin|20220115|3963|618|15.59
arin|20220215|3985|623|15.63
arin|20220315|4021|635|15.79
arin|20220415|4041|628|15.54
arin|20220515|4062|628|15.46
arin|20220615|4087|639|15.63
arin|20220715|4134|647|15.65
arin|20220815|4171|650|15.58
arin|20220915|4165|652|15.65
arin|20221015|4154|646|15.55
arin|20221115|4189|641|15.30
arin|20221215|4211|652|15.48
arin|20230115|4223|652|15.44
arin|20230215|4246|668|15.73
arin|20230315|4303|676|15.71
arin|20230415|4300|689|16.02
arin|20230515|4319|697|16.14
arin|20230615|4348|699|16.08
arin|20230715|4360|699|16.03
arin|20230815|4392|699|15.92
arin|20230915|4447|716|16.10
arin|20231015|4431|716|16.16
arin|20231115|4413|707|16.02
arin|20231215|4435|720|16.23
arin|20240115|4486|717|15.98
arin|20240215|4536|722|15.92
arin|20240315|4541|737|16.23
arin|20240415|4558|742|16.28
arin|20240515|4620|768|16.62
arin|20240615|4638|764|16.47
ripencc|20140615|4266|277|6.49
ripencc|20140715|4309|280|6.50
ripencc|20140815|4358|286|6.56
ripencc|20140915|4404|290|6.58
ripencc|20141015|4445|293|6.59
ripencc|20141115|4511|314|6.96
ripencc|20141215|4582|330|7.20
ripencc|20150115|4631|329|7.10
ripencc|20150215|4631|329|7.10
ripencc|20150315|4739|330|6.96
ripencc|20150415|4793|326|6.80
ripencc|20150515|4840|339|7.00
ripencc|20150615|4916|344|7.00
ripencc|20150715|4951|349|7.05
ripencc|20150815|4971|351|7.06
ripencc|20150915|5016|354|7.06
ripencc|20151015|5112|369|7.22
ripencc|20151115|5185|377|7.27
ripencc|20151215|5244|381|7.27
ripencc|20160115|5281|389|7.37
ripencc|20160215|5281|389|7.37
ripencc|20160315|5452|419|7.69
ripencc|20160415|5488|421|7.67
ripencc|20160515|5570|433|7.77
ripencc|20160615|5630|449|7.98
ripencc|20160715|5669|444|7.83
ripencc|20160815|5725|449|7.84
ripencc|20160915|5781|456|7.89
ripencc|20161015|5833|465|7.97
ripencc|20161115|5884|480|8.16
ripencc|20161215|5940|492|8.28
ripencc|20170115|5978|500|8.36
ripencc|20170215|6056|502|8.29
ripencc|20170315|6122|513|8.38
ripencc|20170415|6122|513|8.38
ripencc|20170515|6236|515|8.26
ripencc|20170615|6298|533|8.46
ripencc|20170715|6298|533|8.46
ripencc|20170815|6381|550|8.62
ripencc|20170915|6381|550|8.62
ripencc|20171015|6420|532|8.29
ripencc|20171115|6550|564|8.61
ripencc|20171215|6540|588|8.99
ripencc|20180115|6589|598|9.08
ripencc|20180215|6633|580|8.74
ripencc|20180315|6663|592|8.88
ripencc|20180415|6721|604|8.99
ripencc|20180515|6781|601|8.86
ripencc|20180615|6867|611|8.90
ripencc|20180715|6985|641|9.18
ripencc|20180815|6985|641|9.18
ripencc|20180915|6965|669|9.61
ripencc|20181015|6994|686|9.81
ripencc|20181115|7045|697|9.89
ripencc|20181215|7114|711|9.99
ripencc|20190115|7128|714|10.02
ripencc|20190215|7128|714|10.02
ripencc|20190315|7218|711|9.85
ripencc|20190415|7260|728|10.03
ripencc|20190515|7344|740|10.08
ripencc|20190615|7369|747|10.14
ripencc|20190715|7369|747|10.14
ripencc|20190815|7449|754|10.12
ripencc|20190915|7449|754|10.12
ripencc|20191015|7613|777|10.21
ripencc|20191115|7663|790|10.31
ripencc|20191215|7725|799|10.34
ripencc|20200115|7804|810|10.38
ripencc|20200215|7864|810|10.30
ripencc|20200315|7910|830|10.49
ripencc|20200415|8027|854|10.64
ripencc|20200515|8100|853|10.53
ripencc|20200615|8097|837|10.34
ripencc|20200715|8272|876|10.59
ripencc|20200815|8277|867|10.47
ripencc|20200915|8364|897|10.72
ripencc|20201015|8379|890|10.62
ripencc|20201115|8440|914|10.83
ripencc|20201215|8515|924|10.85
ripencc|20210115|8550|941|11.01
ripencc|20210215|8622|939|10.89
ripencc|20210315|8698|940|10.81
ripencc|20210415|8762|929|10.60
ripencc|20210515|8849|958|10.83
ripencc|20210615|8971|987|11.00
ripencc|20210715|8916|974|10.92
ripencc|20210815|8903|971|10.91
ripencc|20210915|9010|1003|11.13
ripencc|20211015|9003|1003|11.14
ripencc|20211115|9042|1004|11.10
ripencc|20211215|9051|1007|11.13
ripencc|20220115|9088|1014|11.16
ripencc|20220215|9148|1010|11.04
ripencc|20220315|9207|1018|11.06
ripencc|20220415|9236|1015|10.99
ripencc|20220515|9277|1018|10.97
ripencc|20220615|9342|1041|11.14
ripencc|20220715|9430|1063|11.27
ripencc|20220815|9520|1079|11.33
ripencc|20220915|9562|1087|11.37
ripencc|20221015|9552|1068|11.18
ripencc|20221115|9611|1081|11.25
ripencc|20221215|9687|1101|11.37
ripencc|20230115|9743|1097|11.26
ripencc|20230215|9813|1115|11.36
ripencc|20230315|9813|1115|11.36
ripencc|20230415|9999|1143|11.43
ripencc|20230515|10050|1156|11.50
ripencc|20230615|10016|1146|11.44
ripencc|20230715|10067|1146|11.38
ripencc|20230815|10217|1167|11.42
ripencc|20230915|10346|1195|11.55
ripencc|20231015|10367|1187|11.45
ripencc|20231115|10391|1199|11.54
ripencc|20231215|10428|1211|11.61
ripencc|20240115|10467|1217|11.63
ripencc|20240215|10576|1239|11.72
ripencc|20240315|10664|1243|11.66
ripencc|20240415|10755|1246|11.59
ripencc|20240515|10792|1268|11.75
ripencc|20240615|10863|1268|11.67
lacnic|20140615|662|106|16.01
lacnic|20140715|680|110|16.18
lacnic|20140815|706|119|16.86
lacnic|20140915|740|123|16.62
lacnic|20141015|776|132|17.01
lacnic|20141115|820|142|17.32
lacnic|20141215|855|144|16.84
lacnic|20150115|856|139|16.24
lacnic|20150215|901|146|16.20
lacnic|20150315|901|146|16.20
lacnic|20150415|937|147|15.69
lacnic|20150515|972|152|15.64
lacnic|20150615|1035|163|15.75
lacnic|20150715|1065|162|15.21
lacnic|20150815|1109|165|14.88
lacnic|20150915|1159|168|14.50
lacnic|20151015|1217|177|14.54
lacnic|20151115|1277|190|14.88
lacnic|20151215|1368|206|15.06
lacnic|20160115|1411|211|14.95
lacnic|20160215|1411|211|14.95
lacnic|20160315|1495|228|15.25
lacnic|20160415|1544|227|14.70
lacnic|20160515|1576|241|15.29
lacnic|20160615|1632|266|16.30
lacnic|20160715|1718|277|16.12
lacnic|20160815|1750|287|16.40
lacnic|20160915|1786|292|16.35
lacnic|20161015|1802|301|16.70
lacnic|20161115|1838|308|16.76
lacnic|20161215|1903|318|16.71
lacnic|20170115|1936|318|16.43
lacnic|20170215|2051|330|16.09
lacnic|20170315|2102|359|17.08
lacnic|20170415|2102|359|17.08
lacnic|20170515|2184|390|17.86
lacnic|20170615|2224|407|18.30
lacnic|20170715|2224|407|18.30
lacnic|20170815|2350|448|19.06
lacnic|20170915|2350|448|19.06
lacnic|20171015|2435|448|18.40
lacnic|20171115|2598|494|19.01
lacnic|20171215|2585|513|19.85
lacnic|20180115|2605|523|20.08
lacnic|20180215|2666|541|20.29
lacnic|20180315|2711|551|20.32
lacnic|20180415|2762|570|20.64
lacnic|20180515|2821|575|20.38
lacnic|20180615|2918|603|20.66
lacnic|20180715|3034|647|21.32
lacnic|20180815|3034|647|21.32
lacnic|20180915|3060|701|22.91
lacnic|20181015|3123|729|23.34
lacnic|20181115|3199|742|23.19
lacnic|20181215|3299|764|23.16
lacnic|20190115|3355|777|23.16
lacnic|20190215|3355|777|23.16
lacnic|20190315|3425|807|23.56
lacnic|20190415|3473|825|23.75
lacnic|20190515|3590|847|23.59
lacnic|20190615|3665|900|24.56
lacnic|20190715|3665|900|24.56
lacnic|20190815|3859|962|24.93
lacnic|20190915|3859|962|24.93
lacnic|20191015|4067|1075|26.43
lacnic|20191115|4135|1100|26.60
lacnic|20191215|4222|1123|26.60
lacnic|20200115|4336|1140|26.29
lacnic|20200215|4424|1170|26.45
lacnic|20200315|4506|1197|26.56
lacnic|20200415|4718|1267|26.85
lacnic|20200515|4855|1324|27.27
lacnic|20200615|4896|1376|28.10
lacnic|20200715|5125|1439|28.08
lacnic|20200815|5116|1455|28.44
lacnic|20200915|5403|1577|29.19
lacnic|20201015|5457|1625|29.78
lacnic|20201115|5561|1669|30.01
lacnic|20201215|5689|1730|30.41
lacnic|20210115|5799|1783|30.75
lacnic|20210215|5899|1828|30.99
lacnic|20210315|6013|1924|32.00
lacnic|20210415|6129|1982|32.34
lacnic|20210515|6234|2049|32.87
lacnic|20210615|6428|2177|33.87
lacnic|20210715|6419|2161|33.67
lacnic|20210815|6517|2188|33.57
lacnic|20210915|6642|2298|34.60
lacnic|20211015|6666|2343|35.15
lacnic|20211115|6721|2349|34.95
lacnic|20211215|6815|2412|35.39
lacnic|20220115|6833|2416|35.36
lacnic|20220215|6914|2452|35.46
lacnic|20220315|7042|2511|35.66
lacnic|20220415|7074|2534|35.82
lacnic|20220515|7118|2553|35.87
lacnic|20220615|7151|2602|36.39
lacnic|20220715|7229|2684|37.13
lacnic|20220815|7322|2734|37.34
lacnic|20220915|7399|2809|37.96
lacnic|20221015|7476|2809|37.57
lacnic|20221115|7555|2875|38.05
lacnic|20221215|7614|2927|38.44
lacnic|20230115|7641|2947|38.57
lacnic|20230215|7697|3021|39.25
lacnic|20230315|7810|3131|40.09
lacnic|20230415|7830|3098|39.57
lacnic|20230515|7896|3125|39.58
lacnic|20230615|7925|3127|39.46
lacnic|20230715|7966|3174|39.84
lacnic|20230815|8070|3265|40.46
lacnic|20230915|8222|3391|41.24
lacnic|20231015|8128|3280|40.35
lacnic|20231115|8137|3307|40.64
lacnic|20231215|8173|3346|40.94
lacnic|20240115|8228|3350|40.71
lacnic|20240215|8297|3390|40.86
lacnic|20240315|8332|3421|41.06
lacnic|20240415|8375|3437|41.04
lacnic|20240515|8447|3485|41.26
lacnic|20240615|8472|3514|41.48
afrinic|20140615|112|15|13.39
afrinic|20140715|114|16|14.04
afrinic|20140815|118|15|12.71
afrinic|20140915|119|14|11.76
afrinic|20141015|119|17|14.29
afrinic|20141115|120|15|12.50
afrinic|20141215|118|15|12.71
afrinic|20150115|119|15|12.61
afrinic|20150215|119|15|12.61
afrinic|20150315|124|14|11.29
afrinic|20150415|125|17|13.60
afrinic|20150515|124|19|15.32
afrinic|20150615|124|17|13.71
afrinic|20150715|130|18|13.85
afrinic|20150815|131|18|13.74
afrinic|20150915|127|18|14.17
afrinic|20151015|130|18|13.85
afrinic|20151115|130|20|15.38
afrinic|20151215|132|21|15.91
afrinic|20160115|135|20|14.81
afrinic|20160215|135|20|14.81
afrinic|20160315|138|20|14.49
afrinic|20160415|148|20|13.51
afrinic|20160515|140|22|15.71
afrinic|20160615|144|22|15.28
afrinic|20160715|154|23|14.94
afrinic|20160815|160|20|12.50
afrinic|20160915|169|21|12.43
afrinic|20161015|175|22|12.57
afrinic|20161115|184|21|11.41
afrinic|20161215|186|21|11.29
afrinic|20170115|183|23|12.57
afrinic|20170215|187|22|11.76
afrinic|20170315|190|21|11.05
afrinic|20170415|190|21|11.05
afrinic|20170515|189|23|12.17
afrinic|20170615|194|25|12.89
afrinic|20170715|194|25|12.89
afrinic|20170815|202|25|12.38
afrinic|20170915|202|25|12.38
afrinic|20171015|211|26|12.32
afrinic|20171115|223|27|12.11
afrinic|20171215|224|27|12.05
afrinic|20180115|225|28|12.44
afrinic|20180215|228|30|13.16
afrinic|20180315|228|33|14.47
afrinic|20180415|228|36|15.79
afrinic|20180515|227|33|14.54
afrinic|20180615|234|33|14.10
afrinic|20180715|240|33|13.75
afrinic|20180815|240|33|13.75
afrinic|20180915|265|36|13.58
afrinic|20181015|265|38|14.34
afrinic|20181115|271|41|15.13
afrinic|20181215|278|42|15.11
afrinic|20190115|273|43|15.75
afrinic|20190215|273|43|15.75
afrinic|20190315|277|40|14.44
afrinic|20190415|280|39|13.93
afrinic|20190515|284|40|14.08
afrinic|20190615|289|43|14.88
afrinic|20190715|289|43|14.88
afrinic|20190815|304|41|13.49
afrinic|20190915|304|41|13.49
afrinic|20191015|310|45|14.52
afrinic|20191115|312|45|14.42
afrinic|20191215|319|47|14.73
afrinic|20200115|326|49|15.03
afrinic|20200215|321|46|14.33
afrinic|20200315|324|45|13.89
afrinic|20200415|332|49|14.76
afrinic|20200515|336|46|13.69
afrinic|20200615|324|49|15.12
afrinic|20200715|341|47|13.78
afrinic|20200815|346|47|13.58
afrinic|20200915|351|50|14.25
afrinic|20201015|335|52|15.52
afrinic|20201115|338|54|15.98
afrinic|20201215|356|53|14.89
afrinic|20210115|390|55|14.10
afrinic|20210215|435|60|13.79
afrinic|20210315|443|62|14.00
afrinic|20210415|449|62|13.81
afrinic|20210515|454|62|13.66
afrinic|20210615|469|65|13.86
afrinic|20210715|464|65|14.01
afrinic|20210815|465|66|14.19
afrinic|20210915|472|69|14.62
afrinic|20211015|466|69|14.81
afrinic|20211115|483|72|14.91
afrinic|20211215|492|71|14.43
afrinic|20220115|485|73|15.05
afrinic|20220215|488|75|15.37
afrinic|20220315|490|75|15.31
afrinic|20220415|484|77|15.91
afrinic|20220515|489|77|15.75
afrinic|20220615|492|76|15.45
afrinic|20220715|497|80|16.10
afrinic|20220815|512|85|16.60
afrinic|20220915|493|87|17.65
afrinic|20221015|497|85|17.10
afrinic|20221115|498|85|17.07
afrinic|20221215|513|87|16.96
afrinic|20230115|523|88|16.83
afrinic|20230215|543|90|16.57
afrinic|20230315|550|92|16.73
afrinic|20230415|548|89|16.24
afrinic|20230515|544|87|15.99
afrinic|20230615|536|85|15.86
afrinic|20230715|542|89|16.42
afrinic|20230815|542|89|16.42
afrinic|20230915|559|91|16.28
afrinic|20231015|559|90|16.10
afrinic|20231115|558|95|17.03
afrinic|20231215|553|97|17.54
afrinic|20240115|556|97|17.45
afrinic|20240215|562|99|17.62
afrinic|20240315|541|97|17.93
afrinic|20240415|569|99|17.40
afrinic|20240515|575|103|17.91
afrinic|20240615|566|104|18.37
