#as_type|date|from1to24|from25to49|from50to74|from75to100
business|20140615|123|398|1456|1584
business|20140715|129|416|1490|1601
business|20140815|133|408|1511|1620
business|20140915|128|427|1511|1643
business|20141015|118|444|1512|1638
business|20141115|120|431|1526|1671
business|20141215|121|446|1539|1686
business|20150115|124|450|1520|1723
business|20150215|125|462|1540|1723
business|20150315|129|468|1580|1700
business|20150415|121|477|1594|1718
business|20150515|129|467|1587|1737
business|20150615|139|470|1580|1739
business|20150715|140|472|1610|1709
business|20150815|143|465|1633|1718
business|20150915|144|484|1651|1737
business|20151015|150|473|1666|1737
business|20151115|146|477|1671|1794
business|20151215|147|472|1699|1786
business|20160115|147|476|1729|1795
business|20160215|150|472|1758|1808
business|20160315|151|478|1780|1815
business|20160415|155|479|1803|1825
business|20160515|155|479|1844|1837
business|20160615|166|476|1842|1874
business|20160715|167|488|1843|1880
business|20160815|164|492|1859|1915
business|20160915|158|497|1888|1918
business|20161015|157|488|1886|1902
business|20161115|160|487|1907|1897
business|20161215|162|504|1914|1890
business|20170115|163|517|1934|1900
business|20170215|160|523|1958|1927
business|20170315|164|516|1966|1943
business|20170415|164|522|1967|1986
business|20170515|166|533|1998|1998
business|20170615|165|537|2004|2003
business|20170715|169|533|2039|1979
business|20170815|175|537|2047|2030
business|20170915|183|544|2048|2043
business|20171015|189|535|2066|2042
business|20171115|190|550|2067|2121
business|20171215|184|563|2085|2082
business|20180115|187|573|2085|2075
business|20180215|183|575|2104|2084
business|20180315|180|595|2115|2098
business|20180415|184|589|2144|2141
business|20180515|186|591|2121|2174
business|20180615|191|605|2134|2169
business|20180715|196|580|2153|2193
business|20180815|205|580|2153|2198
business|20180915|201|588|2164|2176
business|20181015|204|605|2173|2197
business|20181115|204|615|2167|2245
business|20181215|200|626|2187|2257
business|20190115|205|640|2180|2269
business|20190215|206|642|2152|2322
business|20190315|223|643|2183|2332
business|20190415|217|611|2185|2326
business|20190515|215|640|2218|2301
business|20190615|216|649|2242|2296
business|20190715|221|636|2249|2300
business|20190815|221|651|2260|2311
business|20190915|222|665|2271|2338
business|20191015|222|655|2293|2366
business|20191115|224|675|2248|2458
business|20191215|227|676|2333|2368
business|20200115|223|678|2352|2383
business|20200215|224|694|2335|2390
business|20200315|234|695|2365|2412
business|20200415|230|684|2368|2471
business|20200515|236|687|2398|2452
business|20200615|236|694|2394|2468
business|20200715|231|709|2393|2482
business|20200815|243|702|2408|2519
business|20200915|246|705|2401|2513
business|20201015|250|689|2433|2543
business|20201115|246|706|2452|2566
business|20201215|253|712|2440|2617
business|20210115|250|694|2434|2622
business|20210215|250|704|2464|2627
business|20210315|248|718|2439|2651
business|20210415|257|770|2285|2797
business|20210515|253|734|2455|2642
business|20210615|256|717|2481|2632
business|20210715|256|699|2484|2643
business|20210815|257|710|2467|2626
business|20210915|253|715|2486|2653
business|20211015|246|723|2510|2676
business|20211115|242|721|2530|2648
business|20211215|244|750|2361|2803
business|20220115|247|743|2364|2838
business|20220215|243|748|2388|2852
business|20220315|235|726|2490|2756
business|20220415|228|713|2571|2686
business|20220515|235|715|2577|2686
business|20220615|246|691|2550|2774
business|20220715|248|699|2549|2849
business|20220815|257|745|2362|2974
business|20220915|266|748|2375|2982
business|20221015|262|733|2405|2946
business|20221115|247|697|2558|2790
business|20221215|249|711|2531|2808
business|20230115|255|689|2559|2803
business|20230215|250|691|2600|2788
business|20230315|252|699|2598|2761
business|20230415|255|724|2561|2804
business|20230515|268|742|2522|2836
business|20230615|257|695|2592|2813
business|20230715|257|694|2572|2821
business|20230815|270|716|2605|2908
business|20230915|264|730|2614|2913
business|20231015|254|744|2596|2924
business|20231115|251|732|2608|2898
business|20231215|247|734|2612|2882
business|20240115|253|744|2604|2884
business|20240215|251|714|2614|2844
business|20240315|253|725|2610|2881
business|20240415|239|752|2625|2928
business|20240515|250|769|2625|2938
business|20240615|247|786|2606|2956
education|20140615|3|45|236|423
education|20140715|4|41|234|422
education|20140815|6|41|242|418
education|20140915|5|46|250|437
education|20141015|3|50|241|437
education|20141115|4|52|250|431
education|20141215|7|52|246|437
education|20150115|6|55|240|451
education|20150215|5|58|238|452
education|20150315|5|59|230|454
education|20150415|4|63|230|456
education|20150515|3|64|235|452
education|20150615|7|58|235|458
education|20150715|10|55|238|450
education|20150815|9|56|239|449
education|20150915|8|55|241|450
education|20151015|10|58|246|448
education|20151115|10|54|246|457
education|20151215|9|51|245|462
education|20160115|10|55|245|460
education|20160215|6|55|247|470
education|20160315|7|56|239|475
education|20160415|6|57|239|470
education|20160515|9|57|234|475
education|20160615|9|50|236|476
education|20160715|7|56|233|472
education|20160815|8|51|241|477
education|20160915|8|49|250|479
education|20161015|9|41|247|482
education|20161115|7|48|244|484
education|20161215|11|41|250|484
education|20170115|11|43|248|482
education|20170215|9|46|252|484
education|20170315|10|49|254|486
education|20170415|10|46|253|482
education|20170515|8|40|257|489
education|20170615|9|48|247|496
education|20170715|10|47|236|497
education|20170815|10|46|246|503
education|20170915|9|42|248|515
education|20171015|12|42|245|524
education|20171115|8|44|248|530
education|20171215|11|44|251|514
education|20180115|11|41|237|531
education|20180215|10|45|245|527
education|20180315|10|49|239|537
education|20180415|11|49|262|530
education|20180515|10|53|248|536
education|20180615|13|49|257|532
education|20180715|12|50|241|542
education|20180815|12|51|242|535
education|20180915|12|48|258|530
education|20181015|11|55|260|546
education|20181115|9|55|268|528
education|20181215|11|58|256|539
education|20190115|10|59|270|540
education|20190215|9|65|255|543
education|20190315|9|61|268|546
education|20190415|10|58|275|541
education|20190515|9|60|273|541
education|20190615|10|61|276|535
education|20190715|9|63|276|549
education|20190815|10|65|275|537
education|20190915|8|64|285|547
education|20191015|9|66|287|535
education|20191115|10|71|279|543
education|20191215|9|67|283|534
education|20200115|11|64|291|536
education|20200215|11|66|292|533
education|20200315|14|61|294|530
education|20200415|13|60|298|528
education|20200515|13|60|299|527
education|20200615|14|64|295|521
education|20200715|15|58|304|527
education|20200815|14|66|291|537
education|20200915|17|54|287|546
education|20201015|16|58|280|553
education|20201115|18|53|279|540
education|20201215|13|59|280|548
education|20210115|14|59|285|538
education|20210215|11|59|279|545
education|20210315|15|50|274|559
education|20210415|15|58|278|556
education|20210515|18|54|269|560
education|20210615|14|58|272|558
education|20210715|14|56|271|553
education|20210815|14|58|274|552
education|20210915|13|64|264|560
education|20211015|15|54|279|565
education|20211115|17|49|298|558
education|20211215|13|55|272|571
education|20220115|15|57|284|568
education|20220215|14|57|281|576
education|20220315|14|50|296|573
education|20220415|14|54|288|567
education|20220515|13|60|288|565
education|20220615|15|54|293|576
education|20220715|16|55|295|588
education|20220815|15|59|279|587
education|20220915|17|61|272|592
education|20221015|18|64|264|596
education|20221115|16|58|270|601
education|20221215|16|54|267|607
education|20230115|17|54|266|595
education|20230215|14|53|261|605
education|20230315|14|54|263|601
education|20230415|16|54|272|600
education|20230515|14|56|275|597
education|20230615|14|60|280|607
education|20230715|12|61|284|588
education|20230815|13|61|296|590
education|20230915|13|60|304|586
education|20231015|14|62|299|588
education|20231115|14|60|296|585
education|20231215|13|64|289|576
education|20240115|16|60|294|585
education|20240215|15|62|285|588
education|20240315|13|61|298|592
education|20240415|15|59|287|608
education|20240515|16|63|273|606
education|20240615|14|68|273|601
government|20140615|6|28|118|163
government|20140715|4|27|119|165
government|20140815|5|29|118|163
government|20140915|4|29|127|168
government|20141015|3|31|128|161
government|20141115|6|33|115|173
government|20141215|5|31|121|174
government|20150115|4|31|118|181
government|20150215|1|32|130|173
government|20150315|1|34|132|164
government|20150415|4|31|134|169
government|20150515|2|34|127|169
government|20150615|4|36|127|162
government|20150715|4|34|140|151
government|20150815|3|31|139|156
government|20150915|3|32|139|153
government|20151015|2|34|132|155
government|20151115|3|33|127|158
government|20151215|3|30|134|161
government|20160115|3|32|131|159
government|20160215|5|30|130|167
government|20160315|5|29|131|172
government|20160415|3|32|131|169
government|20160515|5|31|130|171
government|20160615|3|34|134|167
government|20160715|3|35|134|167
government|20160815|2|39|135|161
government|20160915|4|34|133|164
government|20161015|4|34|141|161
government|20161115|2|33|141|160
government|20161215|2|34|140|161
government|20170115|1|36|138|156
government|20170215|1|34|139|158
government|20170315|3|34|140|163
government|20170415|3|37|138|156
government|20170515|4|35|139|158
government|20170615|2|36|135|165
government|20170715|1|34|143|160
government|20170815|2|39|146|156
government|20170915|2|38|150|159
government|20171015|1|40|146|155
government|20171115|2|41|151|155
government|20171215|3|35|157|160
government|20180115|2|36|150|162
government|20180215|2|44|149|168
government|20180315|2|47|148|165
government|20180415|3|43|159|170
government|20180515|3|42|150|177
government|20180615|3|44|160|178
government|20180715|3|43|149|188
government|20180815|3|44|148|186
government|20180915|2|42|156|180
government|20181015|2|41|156|178
government|20181115|3|43|158|181
government|20181215|2|43|160|179
government|20190115|2|46|144|176
government|20190215|3|44|159|175
government|20190315|3|44|159|182
government|20190415|2|40|163|186
government|20190515|2|45|159|187
government|20190615|3|40|162|189
government|20190715|5|39|157|192
government|20190815|3|43|159|193
government|20190915|5|42|156|195
government|20191015|4|38|155|197
government|20191115|5|40|142|207
government|20191215|6|38|154|206
government|20200115|5|41|152|212
government|20200215|5|43|152|212
government|20200315|6|43|149|211
government|20200415|6|42|155|209
government|20200515|4|42|159|210
government|20200615|5|46|156|213
government|20200715|6|40|167|206
government|20200815|6|42|167|206
government|20200915|5|40|164|210
government|20201015|5|43|166|205
government|20201115|5|42|168|207
government|20201215|5|39|163|215
government|20210115|6|36|171|213
government|20210215|7|38|168|213
government|20210315|7|41|170|216
government|20210415|9|41|167|219
government|20210515|8|38|169|223
government|20210615|7|43|167|220
government|20210715|7|40|163|223
government|20210815|6|43|170|223
government|20210915|4|46|170|224
government|20211015|3|44|172|231
government|20211115|4|48|179|224
government|20211215|7|41|170|235
government|20220115|7|42|171|242
government|20220215|6|41|179|242
government|20220315|5|44|185|239
government|20220415|7|39|185|236
government|20220515|6|45|186|237
government|20220615|5|44|190|243
government|20220715|5|44|193|239
government|20220815|7|46|180|262
government|20220915|9|46|176|257
government|20221015|6|47|181|254
government|20221115|5|44|187|246
government|20221215|5|49|182|252
government|20230115|5|47|182|253
government|20230215|5|46|180|256
government|20230315|5|46|189|255
government|20230415|6|42|188|259
government|20230515|7|43|189|254
government|20230615|9|45|186|256
government|20230715|9|44|186|250
government|20230815|8|48|188|243
government|20230915|7|48|187|252
government|20231015|9|46|196|243
government|20231115|10|45|199|235
government|20231215|8|54|192|242
government|20240115|8|51|192|243
government|20240215|10|51|187|248
government|20240315|10|53|187|263
government|20240415|10|52|188|257
government|20240515|10|48|201|245
government|20240615|10|43|201|256
hosting|20140615|110|280|828|1354
hosting|20140715|113|296|830|1370
hosting|20140815|111|322|819|1375
hosting|20140915|116|333|781|1414
hosting|20141015|114|334|805|1403
hosting|20141115|122|324|825|1416
hosting|20141215|121|332|810|1424
hosting|20150115|129|344|829|1424
hosting|20150215|129|344|837|1414
hosting|20150315|127|347|851|1423
hosting|20150415|131|334|864|1424
hosting|20150515|139|339|856|1442
hosting|20150615|134|357|881|1434
hosting|20150715|128|365|853|1485
hosting|20150815|137|368|899|1481
hosting|20150915|133|363|914|1484
hosting|20151015|143|356|919|1503
hosting|20151115|148|347|925|1521
hosting|20151215|145|365|941|1519
hosting|20160115|149|372|966|1504
hosting|20160215|156|371|982|1526
hosting|20160315|164|373|991|1518
hosting|20160415|170|366|986|1549
hosting|20160515|175|360|991|1561
hosting|20160615|182|366|999|1566
hosting|20160715|182|368|990|1619
hosting|20160815|183|374|1025|1597
hosting|20160915|185|377|1028|1601
hosting|20161015|194|349|1031|1628
hosting|20161115|197|363|1034|1637
hosting|20161215|201|372|1040|1619
hosting|20170115|207|366|1064|1620
hosting|20170215|204|359|1110|1626
hosting|20170315|201|363|1132|1657
hosting|20170415|202|380|1114|1671
hosting|20170515|207|370|1138|1664
hosting|20170615|207|382|1154|1662
hosting|20170715|208|388|1162|1666
hosting|20170815|205|405|1174|1687
hosting|20170915|207|422|1155|1693
hosting|20171015|208|423|1163|1713
hosting|20171115|211|440|1142|1752
hosting|20171215|211|445|1169|1725
hosting|20180115|214|441|1135|1753
hosting|20180215|220|434|1165|1763
hosting|20180315|234|441|1194|1749
hosting|20180415|246|475|1239|1766
hosting|20180515|258|460|1195|1780
hosting|20180615|268|452|1222|1801
hosting|20180715|275|456|1195|1794
hosting|20180815|280|441|1191|1832
hosting|20180915|292|467|1182|1843
hosting|20181015|304|441|1203|1849
hosting|20181115|295|455|1205|1887
hosting|20181215|290|478|1201|1893
hosting|20190115|292|497|1174|1917
hosting|20190215|308|486|1175|1939
hosting|20190315|316|474|1206|1934
hosting|20190415|307|475|1179|1937
hosting|20190515|306|503|1216|1952
hosting|20190615|313|504|1206|1941
hosting|20190715|310|507|1225|1967
hosting|20190815|328|490|1252|1956
hosting|20190915|323|498|1281|1995
hosting|20191015|322|519|1276|2046
hosting|20191115|342|524|1234|2105
hosting|20191215|351|510|1293|1995
hosting|20200115|348|540|1286|2036
hosting|20200215|344|546|1293|2027
hosting|20200315|347|543|1309|2086
hosting|20200415|349|532|1301|2127
hosting|20200515|362|520|1335|2088
hosting|20200615|368|546|1273|2121
hosting|20200715|387|559|1279|2120
hosting|20200815|390|585|1303|2113
hosting|20200915|399|573|1308|2143
hosting|20201015|414|578|1342|2144
hosting|20201115|413|578|1341|2148
hosting|20201215|405|597|1344|2175
hosting|20210115|420|576|1352|2175
hosting|20210215|424|584|1334|2204
hosting|20210315|419|586|1340|2249
hosting|20210415|414|578|1360|2271
hosting|20210515|426|586|1354|2253
hosting|20210615|429|607|1344|2258
hosting|20210715|436|611|1314|2272
hosting|20210815|430|599|1363|2297
hosting|20210915|440|599|1381|2306
hosting|20211015|436|621|1384|2389
hosting|20211115|449|626|1389|2312
hosting|20211215|448|602|1388|2293
hosting|20220115|450|616|1389|2341
hosting|20220215|462|618|1386|2335
hosting|20220315|478|624|1378|2329
hosting|20220415|480|623|1389|2300
hosting|20220515|464|647|1448|2276
hosting|20220615|469|631|1413|2344
hosting|20220715|480|660|1426|2375
hosting|20220815|491|634|1365|2406
hosting|20220915|476|638|1388|2450
hosting|20221015|482|635|1389|2431
hosting|20221115|488|630|1418|2385
hosting|20221215|487|637|1405|2400
hosting|20230115|493|636|1414|2410
hosting|20230215|490|625|1435|2382
hosting|20230315|499|623|1443|2389
hosting|20230415|495|643|1465|2408
hosting|20230515|498|653|1456|2432
hosting|20230615|504|651|1458|2403
hosting|20230715|469|666|1466|2414
hosting|20230815|503|684|1560|2446
hosting|20230915|504|683|1565|2468
hosting|20231015|512|697|1563|2477
hosting|20231115|498|707|1579|2487
hosting|20231215|507|718|1586|2436
hosting|20240115|517|720|1590|2452
hosting|20240215|503|717|1549|2425
hosting|20240315|520|738|1611|2491
hosting|20240415|520|764|1602|2509
hosting|20240515|536|759|1654|2483
hosting|20240615|537|769|1648|2512
internet|20140615|393|1308|4919|7048
internet|20140715|412|1359|4967|7142
internet|20140815|417|1380|5020|7184
internet|20140915|416|1415|5022|7330
internet|20141015|396|1453|5017|7371
internet|20141115|419|1410|5102|7463
internet|20141215|417|1451|5104|7535
internet|20150115|432|1494|5113|7640
internet|20150215|432|1550|5134|7627
internet|20150315|429|1521|5230|7664
internet|20150415|427|1546|5283|7692
internet|20150515|447|1518|5292|7752
internet|20150615|452|1551|5324|7756
internet|20150715|446|1570|5321|7803
internet|20150815|466|1531|5433|7844
internet|20150915|465|1568|5403|7935
internet|20151015|475|1571|5462|7959
internet|20151115|472|1559|5518|8078
internet|20151215|479|1594|5501|8184
internet|20160115|489|1601|5614|8191
internet|20160215|514|1621|5643|8310
internet|20160315|530|1651|5722|8366
internet|20160415|543|1635|5790|8389
internet|20160515|547|1653|5817|8444
internet|20160615|569|1645|5885|8500
internet|20160715|581|1665|5835|8599
internet|20160815|599|1684|5954|8662
internet|20160915|584|1689|5986|8737
internet|20161015|579|1637|5987|8801
internet|20161115|589|1674|5986|8860
internet|20161215|606|1673|6027|8869
internet|20170115|612|1682|6062|8859
internet|20170215|599|1699|6169|9003
internet|20170315|620|1702|6248|9133
internet|20170415|609|1744|6250|9200
internet|20170515|615|1730|6296|9279
internet|20170615|624|1727|6312|9360
internet|20170715|642|1716|6390|9292
internet|20170815|634|1760|6414|9475
internet|20170915|666|1815|6521|9464
internet|20171015|682|1818|6558|9587
internet|20171115|677|1856|6512|9887
internet|20171215|652|1837|6554|9753
internet|20180115|653|1808|6516|9785
internet|20180215|660|1837|6576|9857
internet|20180315|691|1911|6661|9994
internet|20180415|739|2017|6954|10043
internet|20180515|730|1954|6829|10251
internet|20180615|756|2019|6919|10324
internet|20180715|759|1925|6821|10334
internet|20180815|772|1899|6842|10532
internet|20180915|780|1950|6856|10487
internet|20181015|794|1925|6913|10557
internet|20181115|785|1956|6909|10750
internet|20181215|774|1989|6903|10755
internet|20190115|778|2020|6881|10816
internet|20190215|806|2019|6885|10886
internet|20190315|824|1997|6965|10998
internet|20190415|800|1952|6875|11038
internet|20190515|807|2060|6968|11086
internet|20190615|819|2057|6982|11055
internet|20190715|825|2100|6995|11087
internet|20190815|848|2079|7082|11135
internet|20190915|838|2062|7209|11235
internet|20191015|837|2032|7212|11509
internet|20191115|868|2097|7097|11752
internet|20191215|865|2102|7254|11426
internet|20200115|860|2095|7336|11661
internet|20200215|853|2143|7305|11682
internet|20200315|875|2159|7397|11890
internet|20200415|875|2141|7387|12054
internet|20200515|887|2120|7519|12052
internet|20200615|908|2165|7384|12201
internet|20200715|916|2198|7410|12296
internet|20200815|951|2223|7468|12393
internet|20200915|979|2219|7478|12507
internet|20201015|1017|2262|7564|12441
internet|20201115|1010|2239|7560|12434
internet|20201215|1001|2264|7558|12724
internet|20210115|1012|2216|7533|12735
internet|20210215|1014|2233|7510|12770
internet|20210315|1017|2268|7472|12953
internet|20210415|1021|2345|7356|13156
internet|20210515|1039|2263|7536|13040
internet|20210615|1040|2289|7599|13014
internet|20210715|1036|2277|7534|13086
internet|20210815|1014|2279|7664|13199
internet|20210915|1024|2287|7782|13271
internet|20211015|1011|2341|7833|13489
internet|20211115|1039|2357|7846|13245
internet|20211215|1032|2364|7649|13339
internet|20220115|1052|2386|7692|13529
internet|20220215|1060|2433|7731|13503
internet|20220315|1074|2405|7824|13411
internet|20220415|1070|2380|7923|13271
internet|20220515|1041|2402|8099|13188
internet|20220615|1066|2372|7963|13505
internet|20220715|1101|2432|7945|13737
internet|20220815|1104|2471|7627|13848
internet|20220915|1126|2475|7656|13948
internet|20221015|1108|2430|7708|13832
internet|20221115|1099|2428|7939|13444
internet|20221215|1088|2437|7868|13569
internet|20230115|1109|2398|7910|13608
internet|20230215|1094|2391|7928|13587
internet|20230315|1119|2394|8006|13486
internet|20230415|1129|2431|8045|13591
internet|20230515|1128|2455|7937|13671
internet|20230615|1135|2406|7998|13621
internet|20230715|1103|2403|8049|13597
internet|20230815|1151|2511|8318|13852
internet|20230915|1150|2519|8303|14007
internet|20231015|1148|2567|8292|13978
internet|20231115|1116|2588|8224|14007
internet|20231215|1143|2672|8200|13809
internet|20240115|1162|2648|8198|13868
internet|20240215|1144|2575|8058|13677
internet|20240315|1170|2633|8210|13875
internet|20240415|1153|2697|8266|13999
internet|20240515|1183|2709|8384|13887
internet|20240615|1212|2751|8330|13942
isp|20140615|105|330|1332|2329
isp|20140715|107|346|1332|2391
isp|20140815|110|341|1357|2404
isp|20140915|111|339|1370|2476
isp|20141015|107|354|1371|2494
isp|20141115|112|344|1426|2539
isp|20141215|111|357|1409|2594
isp|20150115|112|379|1440|2605
isp|20150215|114|395|1422|2631
isp|20150315|113|368|1442|2679
isp|20150415|112|383|1478|2684
isp|20150515|115|366|1513|2706
isp|20150615|113|374|1526|2744
isp|20150715|113|375|1521|2791
isp|20150815|124|356|1555|2814
isp|20150915|119|383|1505|2879
isp|20151015|119|397|1532|2897
isp|20151115|115|386|1588|2911
isp|20151215|121|412|1548|2990
isp|20160115|124|400|1584|3035
isp|20160215|139|419|1571|3068
isp|20160315|145|442|1616|3125
isp|20160415|152|436|1658|3099
isp|20160515|151|453|1658|3143
isp|20160615|155|435|1709|3164
isp|20160715|164|446|1662|3235
isp|20160815|173|469|1722|3261
isp|20160915|167|476|1696|3356
isp|20161015|159|474|1703|3424
isp|20161115|167|492|1702|3455
isp|20161215|177|465|1725|3502
isp|20170115|179|467|1741|3502
isp|20170215|172|482|1777|3605
isp|20170315|183|487|1813|3666
isp|20170415|176|517|1834|3701
isp|20170515|174|499|1830|3769
isp|20170615|184|484|1851|3816
isp|20170715|196|479|1871|3813
isp|20170815|189|498|1881|3894
isp|20170915|209|537|1967|3865
isp|20171015|214|539|2016|3954
isp|20171115|212|531|1986|4123
isp|20171215|195|514|1980|4063
isp|20180115|193|480|2029|4074
isp|20180215|202|503|2029|4150
isp|20180315|217|544|2089|4229
isp|20180415|242|625|2240|4239
isp|20180515|224|583|2203|4389
isp|20180615|232|625|2266|4454
isp|20180715|231|570|2227|4456
isp|20180815|231|564|2238|4572
isp|20180915|226|588|2216|4592
isp|20181015|222|586|2225|4629
isp|20181115|217|593|2206|4770
isp|20181215|217|593|2224|4744
isp|20190115|218|582|2234|4787
isp|20190215|225|587|2258|4791
isp|20190315|215|580|2284|4911
isp|20190415|204|582|2211|4960
isp|20190515|215|612|2245|5016
isp|20190615|220|596|2246|5027
isp|20190715|222|648|2247|5027
isp|20190815|229|620|2297|5097
isp|20190915|222|616|2361|5120
isp|20191015|225|580|2355|5316
isp|20191115|226|616|2372|5367
isp|20191215|218|634|2387|5311
isp|20200115|218|600|2453|5491
isp|20200215|213|626|2457|5538
isp|20200315|222|641|2494|5676
isp|20200415|226|654|2489|5767
isp|20200515|217|646|2542|5822
isp|20200615|232|656|2489|5936
isp|20200715|223|673|2521|6031
isp|20200815|247|673|2550|6096
isp|20200915|261|689|2565|6187
isp|20201015|286|740|2612|6105
isp|20201115|278|717|2636|6096
isp|20201215|269|713|2669|6276
isp|20210115|270|715|2642|6327
isp|20210215|271|721|2621|6311
isp|20210315|285|742|2591|6424
isp|20210415|281|762|2643|6467
isp|20210515|293|724|2655|6556
isp|20210615|288|740|2730|6548
isp|20210715|279|751|2710|6611
isp|20210815|268|748|2800|6710
isp|20210915|274|734|2907|6744
isp|20211015|269|773|2941|6859
isp|20211115|283|791|2907|6774
isp|20211215|282|798|2938|6732
isp|20220115|296|804|2962|6863
isp|20220215|299|839|2983|6836
isp|20220315|310|835|2986|6879
isp|20220415|308|825|3019|6863
isp|20220515|295|828|3121|6834
isp|20220615|296|845|3060|6991
isp|20220715|316|870|3027|7109
isp|20220815|301|887|3033|7069
isp|20220915|324|885|3035|7139
isp|20221015|309|856|3089|7105
isp|20221115|317|905|3144|6969
isp|20221215|304|903|3132|7055
isp|20230115|319|891|3148|7119
isp|20230215|316|908|3113|7144
isp|20230315|329|906|3169|7102
isp|20230415|336|898|3239|7147
isp|20230515|321|897|3180|7185
isp|20230615|330|898|3200|7214
isp|20230715|340|883|3274|7222
isp|20230815|340|951|3421|7357
isp|20230915|345|958|3382|7504
isp|20231015|346|976|3400|7482
isp|20231115|330|1003|3337|7547
isp|20231215|357|1054|3335|7459
isp|20240115|357|1035|3343|7511
isp|20240215|355|999|3269|7403
isp|20240315|366|1025|3374|7490
isp|20240415|362|1040|3445|7553
isp|20240515|367|1050|3517|7480
isp|20240615|400|1067|3509|7494
none|20140615|46|227|949|1195
none|20140715|55|233|962|1193
none|20140815|52|239|973|1204
none|20140915|52|241|983|1192
none|20141015|51|240|960|1238
none|20141115|55|226|960|1233
none|20141215|52|233|979|1220
none|20150115|57|235|966|1256
none|20150215|58|259|967|1234
none|20150315|54|245|995|1244
none|20150415|55|258|983|1241
none|20150515|59|248|974|1246
none|20150615|55|256|975|1219
none|20150715|51|269|959|1217
none|20150815|50|255|968|1226
none|20150915|58|251|953|1232
none|20151015|51|253|967|1219
none|20151115|50|262|961|1237
none|20151215|54|264|934|1266
none|20160115|56|266|959|1238
none|20160215|58|274|955|1271
none|20160315|58|273|965|1261
none|20160415|57|265|973|1277
none|20160515|52|273|960|1257
none|20160615|54|284|965|1253
none|20160715|58|272|973|1226
none|20160815|69|259|972|1251
none|20160915|62|256|991|1219
none|20161015|56|251|979|1204
none|20161115|56|251|958|1227
none|20161215|53|257|958|1213
none|20170115|51|253|937|1199
none|20170215|53|255|933|1203
none|20170315|59|253|943|1218
none|20170415|54|242|944|1204
none|20170515|56|253|934|1201
none|20170615|57|240|921|1218
none|20170715|58|235|939|1177
none|20170815|53|235|920|1205
none|20170915|56|232|953|1189
none|20171015|58|239|922|1199
none|20171115|54|250|918|1206
none|20171215|48|236|912|1209
none|20180115|46|237|880|1190
none|20180215|43|236|884|1165
none|20180315|48|235|876|1216
none|20180415|53|236|910|1197
none|20180515|49|225|912|1195
none|20180615|49|244|880|1190
none|20180715|42|226|856|1161
none|20180815|41|219|870|1209
none|20180915|47|217|880|1166
none|20181015|51|197|896|1158
none|20181115|57|195|905|1139
none|20181215|54|191|875|1143
none|20190115|51|196|879|1127
none|20190215|55|195|886|1116
none|20190315|58|195|865|1093
none|20190415|60|186|862|1088
none|20190515|60|200|857|1089
none|20190615|57|207|850|1067
none|20190715|58|207|841|1052
none|20190815|57|210|839|1041
none|20190915|58|177|855|1040
none|20191015|55|174|846|1049
none|20191115|61|171|822|1072
none|20191215|54|177|804|1012
none|20200115|55|172|802|1003
none|20200215|56|168|776|982
none|20200315|52|176|786|975
none|20200415|51|169|776|952
none|20200515|55|165|786|953
none|20200615|53|159|777|942
none|20200715|54|159|746|930
none|20200815|51|155|749|922
none|20200915|51|158|753|908
none|20201015|46|154|731|891
none|20201115|50|143|684|877
none|20201215|56|144|662|893
none|20210115|52|136|649|860
none|20210215|51|127|644|870
none|20210315|43|131|658|854
none|20210415|45|136|623|846
none|20210515|41|127|634|806
none|20210615|46|124|605|798
none|20210715|44|120|592|784
none|20210815|39|121|590|791
none|20210915|40|129|574|784
none|20211015|42|126|547|769
none|20211115|44|122|543|729
none|20211215|38|118|520|705
none|20220115|37|124|522|677
none|20220215|36|130|514|662
none|20220315|32|126|489|635
none|20220415|33|126|471|619
none|20220515|28|107|479|590
none|20220615|35|107|457|577
none|20220715|36|104|455|577
none|20220815|33|100|408|550
none|20220915|34|97|410|528
none|20221015|31|95|380|500
none|20221115|26|94|362|453
none|20221215|27|83|351|447
none|20230115|20|81|341|428
none|20230215|19|68|339|412
none|20230315|20|66|344|378
none|20230415|21|70|320|373
none|20230515|20|64|315|367
none|20230615|21|57|282|328
none|20230715|16|55|267|302
none|20230815|17|51|248|308
none|20230915|17|40|251|284
none|20231015|13|42|238|264
none|20231115|13|41|205|255
none|20231215|11|48|186|214
none|20240115|11|38|175|193
none|20240215|10|32|154|169
none|20240315|8|31|130|158
none|20240415|7|30|119|144
none|20240515|4|20|114|135
none|20240615|4|18|93|123
