region|date|baixa|media|alta
afrinic|20140615|24|82|186
afrinic|20140715|19|92|189
afrinic|20140815|21|92|182
afrinic|20140915|24|96|179
afrinic|20141015|24|85|182
afrinic|20141115|23|84|188
afrinic|20141215|24|84|172
afrinic|20150115|22|82|183
afrinic|20150215|21|85|180
afrinic|20150315|23|100|173
afrinic|20150415|24|95|180
afrinic|20150515|27|90|173
afrinic|20150615|26|94|179
afrinic|20150715|25|92|173
afrinic|20150815|20|108|178
afrinic|20150915|21|105|189
afrinic|20151015|24|106|193
afrinic|20151115|19|120|185
afrinic|20151215|27|114|180
afrinic|20160115|24|119|189
afrinic|20160215|32|118|179
afrinic|20160315|36|114|182
afrinic|20160415|33|121|183
afrinic|20160515|35|121|176
afrinic|20160615|29|119|192
afrinic|20160715|31|117|195
afrinic|20160815|41|115|247
afrinic|20160915|40|110|258
afrinic|20161015|37|116|258
afrinic|20161115|44|109|266
afrinic|20161215|42|103|275
afrinic|20170115|43|107|266
afrinic|20170215|40|110|267
afrinic|20170315|36|121|271
afrinic|20170415|43|115|266
afrinic|20170515|36|110|284
afrinic|20170615|44|106|292
afrinic|20170715|45|123|270
afrinic|20170815|46|106|307
afrinic|20170915|46|117|304
afrinic|20171015|55|108|306
afrinic|20171115|51|100|321
afrinic|20171215|47|99|306
afrinic|20180115|38|100|309
afrinic|20180215|39|103|301
afrinic|20180315|38|105|324
afrinic|20180415|45|115|332
afrinic|20180515|42|117|321
afrinic|20180615|47|122|329
afrinic|20180715|47|129|325
afrinic|20180815|44|109|363
afrinic|20180915|53|110|355
afrinic|20181015|52|110|355
afrinic|20181115|54|117|355
afrinic|20181215|47|121|340
afrinic|20190115|49|137|338
afrinic|20190215|58|122|337
afrinic|20190315|53|130|344
afrinic|20190415|44|127|345
afrinic|20190515|49|131|345
afrinic|20190615|45|126|352
afrinic|20190715|56|122|350
afrinic|20190815|46|134|355
afrinic|20190915|42|136|348
afrinic|20191015|47|124|360
afrinic|20191115|49|130|380
afrinic|20191215|51|132|353
afrinic|20200115|50|132|361
afrinic|20200215|50|134|353
afrinic|20200315|57|127|357
afrinic|20200415|52|131|369
afrinic|20200515|55|127|378
afrinic|20200615|51|129|399
afrinic|20200715|52|132|384
afrinic|20200815|48|136|402
afrinic|20200915|55|141|392
afrinic|20201015|58|147|397
afrinic|20201115|51|139|406
afrinic|20201215|56|132|420
afrinic|20210115|51|128|417
afrinic|20210215|54|123|424
afrinic|20210315|51|132|421
afrinic|20210415|47|133|434
afrinic|20210515|50|135|442
afrinic|20210615|51|136|440
afrinic|20210715|56|137|437
afrinic|20210815|60|148|441
afrinic|20210915|58|149|448
afrinic|20211015|57|163|445
afrinic|20211115|55|155|448
afrinic|20211215|61|159|454
afrinic|20220115|57|154|463
afrinic|20220215|61|158|456
afrinic|20220315|54|159|472
afrinic|20220415|49|170|469
afrinic|20220515|41|166|456
afrinic|20220615|54|166|480
afrinic|20220715|54|166|477
afrinic|20220815|54|168|484
afrinic|20220915|54|163|496
afrinic|20221015|55|164|495
afrinic|20221115|56|162|497
afrinic|20221215|61|157|507
afrinic|20230115|65|162|509
afrinic|20230215|52|169|525
afrinic|20230315|58|171|506
afrinic|20230415|63|170|508
afrinic|20230515|63|170|506
afrinic|20230615|64|172|502
afrinic|20230715|64|172|516
afrinic|20230815|72|168|512
afrinic|20230915|69|181|509
afrinic|20231015|65|177|517
afrinic|20231115|64|167|527
afrinic|20231215|67|162|537
afrinic|20240115|70|165|530
afrinic|20240215|67|152|543
afrinic|20240315|66|162|514
afrinic|20240415|62|175|551
afrinic|20240515|65|172|539
afrinic|20240615|59|173|545
apnic|20140615|235|667|1309
apnic|20140715|262|699|1280
apnic|20140815|254|676|1314
apnic|20140915|266|691|1331
apnic|20141015|263|679|1347
apnic|20141115|256|691|1358
apnic|20141215|259|704|1367
apnic|20150115|282|724|1377
apnic|20150215|295|720|1368
apnic|20150315|291|720|1368
apnic|20150415|298|706|1417
apnic|20150515|300|707|1403
apnic|20150615|292|709|1412
apnic|20150715|288|697|1419
apnic|20150815|292|749|1395
apnic|20150915|304|736|1397
apnic|20151015|304|730|1414
apnic|20151115|308|736|1485
apnic|20151215|315|769|1475
apnic|20160115|335|781|1456
apnic|20160215|332|766|1492
apnic|20160315|337|784|1499
apnic|20160415|347|789|1518
apnic|20160515|348|775|1563
apnic|20160615|362|836|1534
apnic|20160715|362|834|1543
apnic|20160815|354|847|1538
apnic|20160915|368|831|1540
apnic|20161015|367|807|1568
apnic|20161115|384|861|1529
apnic|20161215|385|842|1547
apnic|20170115|388|848|1577
apnic|20170215|386|863|1605
apnic|20170315|391|891|1657
apnic|20170415|405|873|1665
apnic|20170515|389|901|1643
apnic|20170615|376|915|1663
apnic|20170715|388|875|1657
apnic|20170815|399|880|1675
apnic|20170915|436|937|1653
apnic|20171015|412|989|1665
apnic|20171115|429|946|1744
apnic|20171215|413|956|1731
apnic|20180115|402|955|1741
apnic|20180215|405|982|1733
apnic|20180315|428|1018|1775
apnic|20180415|470|1090|1793
apnic|20180515|451|1066|1823
apnic|20180615|461|1102|1820
apnic|20180715|457|1050|1876
apnic|20180815|474|1030|1919
apnic|20180915|481|1079|1823
apnic|20181015|464|1116|1818
apnic|20181115|481|1103|1827
apnic|20181215|491|1094|1851
apnic|20190115|496|1098|1867
apnic|20190215|507|1112|1883
apnic|20190315|492|1155|1917
apnic|20190415|449|1136|1923
apnic|20190515|491|1155|1946
apnic|20190615|500|1169|1904
apnic|20190715|512|1185|1930
apnic|20190815|530|1176|1995
apnic|20190915|515|1210|1973
apnic|20191015|467|1203|1986
apnic|20191115|475|1229|2000
apnic|20191215|496|1218|1997
apnic|20200115|488|1276|1998
apnic|20200215|495|1278|2013
apnic|20200315|513|1287|2015
apnic|20200415|507|1270|2053
apnic|20200515|508|1268|2020
apnic|20200615|535|1261|2019
apnic|20200715|516|1328|2056
apnic|20200815|526|1336|2078
apnic|20200915|531|1362|2083
apnic|20201015|561|1397|2084
apnic|20201115|535|1407|2055
apnic|20201215|537|1419|2103
apnic|20210115|506|1397|2128
apnic|20210215|509|1423|2117
apnic|20210315|524|1376|2177
apnic|20210415|533|1368|2256
apnic|20210515|547|1373|2232
apnic|20210615|548|1363|2233
apnic|20210715|575|1370|2251
apnic|20210815|530|1353|2432
apnic|20210915|514|1392|2498
apnic|20211015|542|1384|2451
apnic|20211115|573|1394|2373
apnic|20211215|578|1420|2351
apnic|20220115|573|1407|2425
apnic|20220215|620|1435|2376
apnic|20220315|595|1404|2450
apnic|20220415|585|1448|2419
apnic|20220515|597|1458|2410
apnic|20220615|582|1445|2472
apnic|20220715|609|1403|2584
apnic|20220815|607|1458|2519
apnic|20220915|604|1406|2614
apnic|20221015|593|1424|2595
apnic|20221115|617|1443|2537
apnic|20221215|589|1471|2600
apnic|20230115|587|1462|2629
apnic|20230215|583|1437|2664
apnic|20230315|580|1484|2623
apnic|20230415|574|1505|2644
apnic|20230515|568|1491|2626
apnic|20230615|574|1490|2631
apnic|20230715|575|1521|2611
apnic|20230815|611|1488|2851
apnic|20230915|596|1446|2946
apnic|20231015|621|1473|2892
apnic|20231115|590|1450|2897
apnic|20231215|624|1481|2793
apnic|20240115|630|1455|2804
apnic|20240215|620|1489|2760
apnic|20240315|621|1468|2830
apnic|20240415|653|1445|2945
apnic|20240515|629|1489|2905
apnic|20240615|626|1507|2882
arin|20140615|726|1535|3195
arin|20140715|757|1527|3234
arin|20140815|763|1572|3242
arin|20140915|787|1543|3273
arin|20141015|780|1561|3260
arin|20141115|788|1573|3261
arin|20141215|803|1591|3294
arin|20150115|821|1554|3333
arin|20150215|819|1609|3327
arin|20150315|833|1633|3301
arin|20150415|831|1647|3334
arin|20150515|839|1609|3352
arin|20150615|854|1636|3359
arin|20150715|854|1642|3405
arin|20150815|852|1659|3412
arin|20150915|877|1644|3397
arin|20151015|874|1641|3393
arin|20151115|884|1648|3406
arin|20151215|883|1639|3410
arin|20160115|866|1669|3410
arin|20160215|873|1665|3463
arin|20160315|885|1686|3451
arin|20160415|877|1733|3437
arin|20160515|885|1758|3418
arin|20160615|895|1746|3425
arin|20160715|894|1778|3424
arin|20160815|908|1759|3454
arin|20160915|878|1776|3489
arin|20161015|868|1838|3407
arin|20161115|883|1815|3412
arin|20161215|898|1823|3429
arin|20170115|888|1819|3445
arin|20170215|891|1839|3432
arin|20170315|917|1849|3451
arin|20170415|923|1839|3479
arin|20170515|915|1862|3486
arin|20170615|920|1857|3463
arin|20170715|904|1851|3493
arin|20170815|920|1882|3503
arin|20170915|931|1919|3509
arin|20171015|956|1893|3462
arin|20171115|962|1889|3526
arin|20171215|966|1881|3484
arin|20180115|969|1872|3477
arin|20180215|960|1853|3529
arin|20180315|989|1870|3500
arin|20180415|994|1917|3504
arin|20180515|992|1901|3549
arin|20180615|1019|1893|3549
arin|20180715|1013|1887|3533
arin|20180815|1013|1852|3562
arin|20180915|1017|1887|3506
arin|20181015|1020|1912|3500
arin|20181115|1023|1904|3520
arin|20181215|1047|1877|3509
arin|20190115|1047|1880|3487
arin|20190215|1066|1855|3472
arin|20190315|1068|1854|3507
arin|20190415|1045|1867|3512
arin|20190515|1070|1867|3494
arin|20190615|1063|1879|3498
arin|20190715|1057|1862|3492
arin|20190815|1067|1866|3495
arin|20190915|1060|1886|3525
arin|20191015|1071|1898|3553
arin|20191115|1087|1856|3647
arin|20191215|1082|1905|3527
arin|20200115|1081|1925|3523
arin|20200215|1089|1894|3536
arin|20200315|1091|1890|3595
arin|20200415|1078|1901|3601
arin|20200515|1078|1935|3599
arin|20200615|1097|1940|3583
arin|20200715|1073|1952|3577
arin|20200815|1100|1971|3596
arin|20200915|1102|1920|3622
arin|20201015|1118|1930|3617
arin|20201115|1113|1916|3657
arin|20201215|1128|1912|3636
arin|20210115|1115|1912|3608
arin|20210215|1121|1914|3622
arin|20210315|1138|1896|3642
arin|20210415|1141|1803|3770
arin|20210515|1145|1889|3643
arin|20210615|1141|1893|3631
arin|20210715|1123|1870|3661
arin|20210815|1126|1859|3654
arin|20210915|1125|1861|3710
arin|20211015|1131|1887|3716
arin|20211115|1146|1911|3685
arin|20211215|1106|1818|3811
arin|20220115|1127|1835|3822
arin|20220215|1133|1827|3845
arin|20220315|1141|1908|3686
arin|20220415|1120|1924|3674
arin|20220515|1132|1954|3655
arin|20220615|1113|1933|3718
arin|20220715|1125|1932|3738
arin|20220815|1143|1817|3874
arin|20220915|1150|1802|3878
arin|20221015|1147|1785|3834
arin|20221115|1126|1875|3670
arin|20221215|1145|1859|3671
arin|20230115|1136|1866|3678
arin|20230215|1124|1862|3696
arin|20230315|1142|1871|3685
arin|20230415|1154|1874|3709
arin|20230515|1177|1852|3758
arin|20230615|1141|1829|3755
arin|20230715|1144|1809|3724
arin|20230815|1177|1901|3915
arin|20230915|1183|1912|3920
arin|20231015|1179|1922|3917
arin|20231115|1168|1906|3911
arin|20231215|1178|1920|3888
arin|20240115|1173|1888|3931
arin|20240215|1123|1840|3754
arin|20240315|1170|1916|3949
arin|20240415|1183|1928|3925
arin|20240515|1194|1934|3949
arin|20240615|1210|1909|3953
internet|20140615|1447|3552|8669
internet|20140715|1508|3593|8779
internet|20140815|1522|3622|8857
internet|20140915|1552|3616|9015
internet|20141015|1556|3641|9040
internet|20141115|1551|3675|9168
internet|20141215|1590|3699|9218
internet|20150115|1643|3701|9335
internet|20150215|1673|3737|9333
internet|20150315|1664|3800|9380
internet|20150415|1681|3817|9450
internet|20150515|1691|3822|9496
internet|20150615|1709|3872|9502
internet|20150715|1721|3868|9551
internet|20150815|1716|3948|9610
internet|20150915|1753|3953|9665
internet|20151015|1758|3981|9728
internet|20151115|1761|4023|9844
internet|20151215|1783|4030|9946
internet|20160115|1799|4122|9975
internet|20160215|1838|4121|10130
internet|20160315|1879|4147|10244
internet|20160415|1885|4232|10241
internet|20160515|1883|4265|10314
internet|20160615|1908|4317|10375
internet|20160715|1923|4342|10416
internet|20160815|1967|4374|10559
internet|20160915|1943|4370|10684
internet|20161015|1920|4415|10670
internet|20161115|1980|4422|10708
internet|20161215|1979|4452|10745
internet|20170115|1993|4431|10792
internet|20170215|1991|4502|10977
internet|20170315|2032|4560|11111
internet|20170415|2072|4515|11216
internet|20170515|2045|4598|11277
internet|20170615|2051|4588|11384
internet|20170715|2053|4626|11361
internet|20170815|2083|4640|11560
internet|20170915|2157|4779|11530
internet|20171015|2179|4855|11611
internet|20171115|2208|4779|11945
internet|20171215|2157|4819|11820
internet|20180115|2130|4802|11830
internet|20180215|2162|4817|11951
internet|20180315|2238|4914|12105
internet|20180415|2374|5139|12240
internet|20180515|2321|5050|12393
internet|20180615|2388|5119|12511
internet|20180715|2331|5011|12497
internet|20180815|2346|4982|12717
internet|20180915|2376|5104|12593
internet|20181015|2366|5124|12699
internet|20181115|2402|5072|12926
internet|20181215|2410|5089|12922
internet|20190115|2432|5088|12975
internet|20190215|2472|5123|13001
internet|20190315|2460|5197|13127
internet|20190415|2390|5119|13156
internet|20190515|2486|5193|13242
internet|20190615|2480|5252|13181
internet|20190715|2505|5291|13212
internet|20190815|2540|5298|13307
internet|20190915|2503|5408|13434
internet|20191015|2473|5366|13752
internet|20191115|2520|5364|13930
internet|20191215|2548|5430|13669
internet|20200115|2528|5499|13925
internet|20200215|2555|5541|13887
internet|20200315|2599|5575|14147
internet|20200415|2568|5582|14307
internet|20200515|2560|5673|14345
internet|20200615|2626|5580|14452
internet|20200715|2610|5666|14544
internet|20200815|2680|5715|14640
internet|20200915|2715|5722|14746
internet|20201015|2823|5801|14660
internet|20201115|2781|5802|14660
internet|20201215|2805|5804|14938
internet|20210115|2757|5801|14938
internet|20210215|2759|5811|14957
internet|20210315|2827|5712|15171
internet|20210415|2868|5612|15399
internet|20210515|2855|5702|15321
internet|20210615|2874|5743|15326
internet|20210715|2871|5705|15357
internet|20210815|2834|5767|15556
internet|20210915|2825|5831|15709
internet|20211015|2854|5896|15925
internet|20211115|2920|5906|15662
internet|20211215|2846|5879|15660
internet|20220115|2914|5909|15837
internet|20220215|2981|5912|15836
internet|20220315|2984|5955|15778
internet|20220415|2947|6053|15646
internet|20220515|2950|6123|15659
internet|20220615|2958|6045|15904
internet|20220715|3030|5987|16198
internet|20220815|3036|5908|16106
internet|20220915|3057|5890|16258
internet|20221015|3017|5930|16131
internet|20221115|3035|6029|15846
internet|20221215|3013|6018|15931
internet|20230115|3013|6024|15988
internet|20230215|2961|6025|16014
internet|20230315|3003|6082|15920
internet|20230415|3052|6125|16019
internet|20230515|3053|6075|16064
internet|20230615|3036|6029|16096
internet|20230715|3021|6085|16047
internet|20230815|3121|6175|16538
internet|20230915|3105|6158|16717
internet|20231015|3144|6208|16634
internet|20231115|3125|6159|16651
internet|20231215|3229|6197|16398
internet|20240115|3216|6172|16488
internet|20240215|3139|6125|16190
internet|20240315|3205|6194|16490
internet|20240415|3260|6189|16667
internet|20240515|3293|6253|16618
internet|20240615|3346|6200|16690
lacnic|20140615|144|283|1016
lacnic|20140715|148|273|1056
lacnic|20140815|143|280|1083
lacnic|20140915|132|289|1147
lacnic|20141015|142|313|1130
lacnic|20141115|145|318|1173
lacnic|20141215|148|312|1232
lacnic|20150115|149|316|1233
lacnic|20150215|159|314|1272
lacnic|20150315|154|317|1295
lacnic|20150415|159|335|1321
lacnic|20150515|156|351|1349
lacnic|20150615|160|364|1341
lacnic|20150715|177|357|1371
lacnic|20150815|168|355|1395
lacnic|20150915|159|369|1448
lacnic|20151015|172|363|1495
lacnic|20151115|169|383|1476
lacnic|20151215|169|374|1528
lacnic|20160115|173|410|1544
lacnic|20160215|196|406|1577
lacnic|20160315|213|386|1650
lacnic|20160415|212|405|1626
lacnic|20160515|203|411|1665
lacnic|20160615|206|408|1705
lacnic|20160715|214|419|1749
lacnic|20160815|228|434|1754
lacnic|20160915|224|445|1820
lacnic|20161015|219|439|1866
lacnic|20161115|229|410|1899
lacnic|20161215|220|444|1909
lacnic|20170115|223|441|1949
lacnic|20170215|220|449|2037
lacnic|20170315|239|420|2086
lacnic|20170415|231|421|2118
lacnic|20170515|229|443|2174
lacnic|20170615|228|437|2212
lacnic|20170715|236|458|2212
lacnic|20170815|222|449|2287
lacnic|20170915|243|463|2294
lacnic|20171015|251|475|2356
lacnic|20171115|244|478|2442
lacnic|20171215|229|478|2446
lacnic|20180115|228|497|2445
lacnic|20180215|247|506|2486
lacnic|20180315|251|513|2570
lacnic|20180415|282|522|2585
lacnic|20180515|268|509|2653
lacnic|20180615|269|532|2690
lacnic|20180715|265|511|2719
lacnic|20180815|250|531|2769
lacnic|20180915|249|542|2808
lacnic|20181015|247|536|2861
lacnic|20181115|243|517|2954
lacnic|20181215|237|544|2933
lacnic|20190115|247|541|2940
lacnic|20190215|245|566|2963
lacnic|20190315|239|583|3018
lacnic|20190415|249|580|3003
lacnic|20190515|250|575|3033
lacnic|20190615|242|601|2976
lacnic|20190715|251|618|2996
lacnic|20190815|263|631|3072
lacnic|20190915|251|663|3068
lacnic|20191015|248|650|3147
lacnic|20191115|260|639|3233
lacnic|20191215|247|660|3218
lacnic|20200115|243|659|3345
lacnic|20200215|251|671|3361
lacnic|20200315|256|678|3476
lacnic|20200415|257|714|3557
lacnic|20200515|248|734|3619
lacnic|20200615|262|690|3753
lacnic|20200715|279|677|3830
lacnic|20200815|292|699|3862
lacnic|20200915|299|730|3933
lacnic|20201015|309|757|3810
lacnic|20201115|309|755|3821
lacnic|20201215|314|762|3920
lacnic|20210115|320|785|3913
lacnic|20210215|307|775|3929
lacnic|20210315|320|752|4018
lacnic|20210415|335|765|4021
lacnic|20210515|327|770|4057
lacnic|20210615|341|784|4073
lacnic|20210715|343|779|4082
lacnic|20210815|347|843|4087
lacnic|20210915|350|835|4125
lacnic|20211015|351|861|4111
lacnic|20211115|368|855|4138
lacnic|20211215|355|860|4124
lacnic|20220115|379|895|4124
lacnic|20220215|379|863|4175
lacnic|20220315|399|878|4149
lacnic|20220415|403|878|4125
lacnic|20220515|409|886|4101
lacnic|20220615|432|848|4135
lacnic|20220715|444|853|4193
lacnic|20220815|430|856|4143
lacnic|20220915|445|883|4141
lacnic|20221015|421|900|4112
lacnic|20221115|448|904|4051
lacnic|20221215|425|917|4091
lacnic|20230115|446|887|4090
lacnic|20230215|439|912|4110
lacnic|20230315|453|901|4088
lacnic|20230415|457|917|4097
lacnic|20230515|467|910|4090
lacnic|20230615|472|936|4111
lacnic|20230715|488|921|4186
lacnic|20230815|491|955|4143
lacnic|20230915|493|963|4194
lacnic|20231015|503|959|4178
lacnic|20231115|510|952|4162
lacnic|20231215|552|959|4134
lacnic|20240115|534|967|4150
lacnic|20240215|536|972|4117
lacnic|20240315|533|977|4101
lacnic|20240415|539|966|4135
lacnic|20240515|562|996|4112
lacnic|20240615|575|966|4148
ripencc|20140615|318|985|2963
ripencc|20140715|322|1002|3020
ripencc|20140815|341|1002|3036
ripencc|20140915|343|997|3085
ripencc|20141015|347|1003|3121
ripencc|20141115|339|1009|3188
ripencc|20141215|356|1008|3153
ripencc|20150115|369|1025|3209
ripencc|20150215|379|1009|3186
ripencc|20150315|363|1030|3243
ripencc|20150415|369|1034|3198
ripencc|20150515|369|1065|3219
ripencc|20150615|377|1069|3211
ripencc|20150715|377|1080|3183
ripencc|20150815|384|1077|3230
ripencc|20150915|392|1099|3234
ripencc|20151015|384|1141|3233
ripencc|20151115|381|1136|3292
ripencc|20151215|389|1134|3353
ripencc|20160115|401|1143|3376
ripencc|20160215|405|1166|3419
ripencc|20160315|408|1177|3462
ripencc|20160415|416|1184|3477
ripencc|20160515|412|1200|3492
ripencc|20160615|416|1208|3519
ripencc|20160715|422|1194|3505
ripencc|20160815|436|1219|3566
ripencc|20160915|433|1208|3577
ripencc|20161015|429|1215|3571
ripencc|20161115|440|1227|3602
ripencc|20161215|434|1240|3585
ripencc|20170115|451|1216|3555
ripencc|20170215|454|1241|3636
ripencc|20170315|449|1279|3646
ripencc|20170415|470|1267|3688
ripencc|20170515|476|1282|3690
ripencc|20170615|483|1273|3754
ripencc|20170715|480|1319|3729
ripencc|20170815|496|1323|3788
ripencc|20170915|501|1343|3770
ripencc|20171015|505|1390|3822
ripencc|20171115|522|1366|3912
ripencc|20171215|502|1405|3853
ripencc|20180115|493|1378|3858
ripencc|20180215|511|1373|3902
ripencc|20180315|532|1408|3936
ripencc|20180415|583|1495|4026
ripencc|20180515|568|1457|4047
ripencc|20180615|592|1470|4123
ripencc|20180715|549|1434|4044
ripencc|20180815|565|1460|4104
ripencc|20180915|576|1486|4101
ripencc|20181015|583|1450|4165
ripencc|20181115|601|1431|4270
ripencc|20181215|588|1453|4289
ripencc|20190115|593|1432|4343
ripencc|20190215|596|1468|4346
ripencc|20190315|608|1475|4341
ripencc|20190415|603|1409|4373
ripencc|20190515|626|1465|4424
ripencc|20190615|630|1477|4451
ripencc|20190715|629|1504|4444
ripencc|20190815|634|1491|4390
ripencc|20190915|635|1513|4520
ripencc|20191015|640|1491|4706
ripencc|20191115|649|1510|4670
ripencc|20191215|672|1515|4574
ripencc|20200115|666|1507|4698
ripencc|20200215|670|1564|4624
ripencc|20200315|682|1593|4704
ripencc|20200415|674|1566|4727
ripencc|20200515|671|1609|4729
ripencc|20200615|681|1560|4698
ripencc|20200715|690|1577|4697
ripencc|20200815|714|1573|4702
ripencc|20200915|728|1569|4716
ripencc|20201015|777|1570|4752
ripencc|20201115|773|1585|4721
ripencc|20201215|770|1579|4859
ripencc|20210115|765|1579|4872
ripencc|20210215|768|1576|4865
ripencc|20210315|794|1556|4913
ripencc|20210415|812|1543|4918
ripencc|20210515|786|1535|4947
ripencc|20210615|793|1567|4949
ripencc|20210715|774|1549|4926
ripencc|20210815|771|1564|4942
ripencc|20210915|778|1594|4928
ripencc|20211015|773|1601|5202
ripencc|20211115|778|1591|5018
ripencc|20211215|746|1622|4920
ripencc|20220115|778|1618|5003
ripencc|20220215|788|1629|4984
ripencc|20220315|795|1606|5021
ripencc|20220415|790|1633|4959
ripencc|20220515|771|1659|5037
ripencc|20220615|777|1653|5099
ripencc|20220715|798|1633|5206
ripencc|20220815|802|1609|5086
ripencc|20220915|804|1636|5129
ripencc|20221015|801|1657|5095
ripencc|20221115|788|1645|5091
ripencc|20221215|793|1614|5062
ripencc|20230115|779|1647|5082
ripencc|20230215|763|1645|5019
ripencc|20230315|770|1655|5018
ripencc|20230415|804|1659|5061
ripencc|20230515|778|1652|5084
ripencc|20230615|785|1602|5097
ripencc|20230715|750|1662|5010
ripencc|20230815|770|1663|5117
ripencc|20230915|764|1656|5148
ripencc|20231015|776|1677|5130
ripencc|20231115|793|1684|5154
ripencc|20231215|808|1675|5046
ripencc|20240115|809|1697|5073
ripencc|20240215|793|1672|5016
ripencc|20240315|815|1671|5096
ripencc|20240415|823|1675|5111
ripencc|20240515|843|1662|5113
ripencc|20240615|876|1645|5162
