region|date|from1to24|from25to49|from50to74|from75to100
afrinic|20140615|5|22|116|149
afrinic|20140715|5|19|121|155
afrinic|20140815|5|22|122|146
afrinic|20140915|8|21|129|141
afrinic|20141015|6|23|122|140
afrinic|20141115|5|20|130|140
afrinic|20141215|6|20|118|136
afrinic|20150115|5|19|118|145
afrinic|20150215|5|20|117|144
afrinic|20150315|5|23|126|142
afrinic|20150415|5|22|128|144
afrinic|20150515|4|25|122|139
afrinic|20150615|2|28|128|141
afrinic|20150715|4|29|118|139
afrinic|20150815|2|27|137|140
afrinic|20150915|2|25|136|152
afrinic|20151015|2|28|142|151
afrinic|20151115|2|23|153|146
afrinic|20151215|3|28|150|140
afrinic|20160115|4|23|158|147
afrinic|20160215|7|31|147|144
afrinic|20160315|6|34|143|149
afrinic|20160415|6|32|143|156
afrinic|20160515|7|32|149|144
afrinic|20160615|5|29|146|160
afrinic|20160715|5|29|147|162
afrinic|20160815|4|40|154|205
afrinic|20160915|4|40|155|209
afrinic|20161015|5|35|156|215
afrinic|20161115|5|42|149|223
afrinic|20161215|5|38|152|225
afrinic|20170115|5|39|153|219
afrinic|20170215|4|38|160|215
afrinic|20170315|8|31|171|218
afrinic|20170415|8|39|160|217
afrinic|20170515|6|36|147|241
afrinic|20170615|6|48|147|241
afrinic|20170715|11|39|161|227
afrinic|20170815|10|40|154|255
afrinic|20170915|11|42|162|252
afrinic|20171015|9|51|159|250
afrinic|20171115|7|47|148|270
afrinic|20171215|8|41|145|258
afrinic|20180115|5|36|159|247
afrinic|20180215|5|36|164|238
afrinic|20180315|6|37|153|271
afrinic|20180415|8|45|178|261
afrinic|20180515|11|36|168|265
afrinic|20180615|9|43|174|272
afrinic|20180715|11|44|181|265
afrinic|20180815|14|33|173|296
afrinic|20180915|11|47|157|303
afrinic|20181015|12|45|154|306
afrinic|20181115|11|48|157|310
afrinic|20181215|9|41|159|299
afrinic|20190115|7|49|175|293
afrinic|20190215|16|49|153|299
afrinic|20190315|14|47|173|293
afrinic|20190415|11|41|161|303
afrinic|20190515|14|40|169|302
afrinic|20190615|17|35|168|303
afrinic|20190715|15|45|167|301
afrinic|20190815|15|38|177|305
afrinic|20190915|13|36|178|299
afrinic|20191015|15|36|169|311
afrinic|20191115|16|41|184|318
afrinic|20191215|15|42|180|299
afrinic|20200115|13|45|174|311
afrinic|20200215|12|45|178|302
afrinic|20200315|16|46|176|303
afrinic|20200415|12|50|184|306
afrinic|20200515|14|46|176|324
afrinic|20200615|12|44|174|349
afrinic|20200715|11|54|172|331
afrinic|20200815|10|45|174|357
afrinic|20200915|13|52|176|347
afrinic|20201015|20|52|181|349
afrinic|20201115|18|44|173|361
afrinic|20201215|15|51|171|371
afrinic|20210115|17|44|170|365
afrinic|20210215|14|47|175|365
afrinic|20210315|15|48|167|374
afrinic|20210415|14|47|169|384
afrinic|20210515|14|47|177|389
afrinic|20210615|15|47|185|380
afrinic|20210715|17|52|183|378
afrinic|20210815|16|60|198|375
afrinic|20210915|20|51|200|384
afrinic|20211015|22|51|207|385
afrinic|20211115|13|57|207|381
afrinic|20211215|17|58|199|400
afrinic|20220115|18|54|193|409
afrinic|20220215|19|54|206|396
afrinic|20220315|14|54|209|408
afrinic|20220415|15|48|224|401
afrinic|20220515|11|43|220|389
afrinic|20220615|18|47|221|414
afrinic|20220715|20|45|218|414
afrinic|20220815|19|52|220|415
afrinic|20220915|20|54|207|432
afrinic|20221015|18|59|194|443
afrinic|20221115|20|57|196|442
afrinic|20221215|20|60|194|451
afrinic|20230115|22|58|198|458
afrinic|20230215|18|52|209|467
afrinic|20230315|18|59|206|452
afrinic|20230415|17|61|215|448
afrinic|20230515|18|57|209|455
afrinic|20230615|16|64|213|445
afrinic|20230715|18|57|214|463
afrinic|20230815|24|59|211|458
afrinic|20230915|23|60|224|452
afrinic|20231015|22|61|211|465
afrinic|20231115|24|57|206|471
afrinic|20231215|26|58|193|489
afrinic|20240115|24|60|199|482
afrinic|20240215|25|58|197|482
afrinic|20240315|21|62|196|463
afrinic|20240415|24|53|221|490
afrinic|20240515|25|55|207|489
afrinic|20240615|25|53|207|492
apnic|20140615|50|222|900|1039
apnic|20140715|52|258|908|1023
apnic|20140815|52|253|917|1022
apnic|20140915|54|266|942|1026
apnic|20141015|58|256|929|1046
apnic|20141115|60|242|955|1048
apnic|20141215|57|250|964|1059
apnic|20150115|61|271|968|1083
apnic|20150215|60|287|953|1083
apnic|20150315|60|274|964|1081
apnic|20150415|51|299|947|1124
apnic|20150515|56|291|945|1118
apnic|20150615|56|281|949|1127
apnic|20150715|52|286|948|1118
apnic|20150815|67|266|1006|1097
apnic|20150915|57|292|977|1111
apnic|20151015|59|283|991|1115
apnic|20151115|57|287|1015|1170
apnic|20151215|59|296|1037|1167
apnic|20160115|64|309|1041|1158
apnic|20160215|69|307|1010|1204
apnic|20160315|69|310|1057|1184
apnic|20160415|77|309|1057|1211
apnic|20160515|82|319|1051|1234
apnic|20160615|79|333|1132|1188
apnic|20160715|80|342|1099|1218
apnic|20160815|81|331|1133|1194
apnic|20160915|82|343|1108|1206
apnic|20161015|79|346|1088|1229
apnic|20161115|81|357|1126|1210
apnic|20161215|82|358|1127|1207
apnic|20170115|84|368|1125|1236
apnic|20170215|81|365|1149|1259
apnic|20170315|84|364|1194|1297
apnic|20170415|85|371|1194|1293
apnic|20170515|83|366|1203|1281
apnic|20170615|80|359|1200|1315
apnic|20170715|91|357|1192|1280
apnic|20170815|79|386|1191|1298
apnic|20170915|91|412|1226|1297
apnic|20171015|98|396|1255|1317
apnic|20171115|93|411|1246|1369
apnic|20171215|83|397|1241|1379
apnic|20180115|93|377|1234|1394
apnic|20180215|82|399|1256|1383
apnic|20180315|96|419|1299|1407
apnic|20180415|112|452|1378|1411
apnic|20180515|108|421|1350|1461
apnic|20180615|118|446|1375|1444
apnic|20180715|125|415|1327|1516
apnic|20180815|130|403|1369|1521
apnic|20180915|130|425|1349|1479
apnic|20181015|127|418|1385|1468
apnic|20181115|122|434|1391|1464
apnic|20181215|122|449|1388|1477
apnic|20190115|131|448|1408|1474
apnic|20190215|138|437|1419|1508
apnic|20190315|139|423|1472|1530
apnic|20190415|130|390|1443|1545
apnic|20190515|134|435|1452|1571
apnic|20190615|140|439|1460|1534
apnic|20190715|142|454|1474|1557
apnic|20190815|143|468|1453|1637
apnic|20190915|141|467|1492|1598
apnic|20191015|128|418|1496|1614
apnic|20191115|136|412|1535|1621
apnic|20191215|137|444|1545|1585
apnic|20200115|133|446|1580|1603
apnic|20200215|137|447|1602|1600
apnic|20200315|144|456|1607|1608
apnic|20200415|145|452|1597|1636
apnic|20200515|143|450|1607|1596
apnic|20200615|147|479|1587|1602
apnic|20200715|147|475|1630|1648
apnic|20200815|148|484|1644|1664
apnic|20200915|152|482|1659|1683
apnic|20201015|169|491|1680|1702
apnic|20201115|158|477|1689|1673
apnic|20201215|147|481|1719|1712
apnic|20210115|152|449|1674|1756
apnic|20210215|158|456|1700|1735
apnic|20210315|154|457|1668|1798
apnic|20210415|151|469|1696|1841
apnic|20210515|167|459|1672|1854
apnic|20210615|161|473|1659|1851
apnic|20210715|161|501|1662|1872
apnic|20210815|158|467|1718|1972
apnic|20210915|158|464|1771|2011
apnic|20211015|155|502|1765|1955
apnic|20211115|165|505|1745|1925
apnic|20211215|164|527|1749|1909
apnic|20220115|170|502|1759|1974
apnic|20220215|174|540|1787|1930
apnic|20220315|176|522|1776|1975
apnic|20220415|178|511|1800|1963
apnic|20220515|184|508|1821|1952
apnic|20220615|177|504|1816|2002
apnic|20220715|182|536|1796|2082
apnic|20220815|179|535|1800|2070
apnic|20220915|186|518|1793|2127
apnic|20221015|189|497|1821|2105
apnic|20221115|188|525|1832|2052
apnic|20221215|178|518|1839|2125
apnic|20230115|179|515|1824|2160
apnic|20230215|172|522|1805|2185
apnic|20230315|177|509|1859|2142
apnic|20230415|182|504|1880|2157
apnic|20230515|185|485|1890|2125
apnic|20230615|186|494|1886|2129
apnic|20230715|177|505|1903|2122
apnic|20230815|195|546|1931|2278
apnic|20230915|187|551|1900|2350
apnic|20231015|188|568|1941|2289
apnic|20231115|181|547|1895|2314
apnic|20231215|181|580|1890|2247
apnic|20240115|185|582|1882|2240
apnic|20240215|190|559|1906|2214
apnic|20240315|191|563|1902|2263
apnic|20240415|207|575|1904|2357
apnic|20240515|199|548|1959|2317
apnic|20240615|203|532|1965|2315
arin|20140615|213|639|2182|2422
arin|20140715|225|658|2165|2470
arin|20140815|230|665|2219|2463
arin|20140915|216|699|2206|2482
arin|20141015|208|714|2195|2484
arin|20141115|221|709|2206|2486
arin|20141215|222|723|2215|2528
arin|20150115|230|730|2185|2563
arin|20150215|226|751|2228|2550
arin|20150315|223|756|2257|2531
arin|20150415|222|761|2293|2536
arin|20150515|238|746|2269|2547
arin|20150615|238|770|2278|2563
arin|20150715|238|768|2290|2605
arin|20150815|243|752|2316|2612
arin|20150915|244|775|2289|2610
arin|20151015|241|783|2301|2583
arin|20151115|247|771|2309|2611
arin|20151215|248|784|2288|2612
arin|20160115|246|762|2350|2587
arin|20160215|251|766|2381|2603
arin|20160315|256|780|2409|2577
arin|20160415|256|768|2435|2588
arin|20160515|263|783|2436|2579
arin|20160615|277|779|2423|2587
arin|20160715|288|773|2435|2600
arin|20160815|287|780|2451|2603
arin|20160915|271|780|2493|2599
arin|20161015|273|740|2510|2590
arin|20161115|270|753|2489|2598
arin|20161215|274|769|2493|2614
arin|20170115|277|760|2517|2598
arin|20170215|277|765|2554|2566
arin|20170315|286|774|2565|2592
arin|20170415|280|788|2574|2599
arin|20170515|285|785|2590|2603
arin|20170615|289|780|2574|2597
arin|20170715|293|763|2584|2608
arin|20170815|301|776|2604|2624
arin|20170915|305|777|2659|2618
arin|20171015|308|798|2612|2593
arin|20171115|312|805|2597|2663
arin|20171215|307|815|2601|2608
arin|20180115|312|815|2580|2611
arin|20180215|316|799|2604|2623
arin|20180315|316|827|2579|2637
arin|20180415|331|834|2633|2617
arin|20180515|324|828|2620|2670
arin|20180615|334|838|2628|2661
arin|20180715|344|821|2624|2644
arin|20180815|344|815|2601|2667
arin|20180915|342|832|2611|2625
arin|20181015|355|827|2633|2617
arin|20181115|349|832|2633|2633
arin|20181215|356|854|2597|2626
arin|20190115|355|856|2597|2606
arin|20190215|361|863|2570|2599
arin|20190315|371|856|2575|2627
arin|20190415|368|839|2595|2622
arin|20190515|370|860|2617|2584
arin|20190615|368|874|2601|2597
arin|20190715|372|862|2593|2584
arin|20190815|381|860|2622|2565
arin|20190915|389|854|2651|2577
arin|20191015|391|864|2672|2595
arin|20191115|404|895|2511|2780
arin|20191215|404|861|2636|2613
arin|20200115|398|873|2655|2603
arin|20200215|402|880|2603|2634
arin|20200315|405|871|2621|2679
arin|20200415|393|878|2614|2695
arin|20200515|402|877|2631|2702
arin|20200615|402|881|2661|2676
arin|20200715|402|878|2635|2687
arin|20200815|407|895|2648|2717
arin|20200915|412|871|2636|2725
arin|20201015|427|868|2641|2729
arin|20201115|427|873|2592|2794
arin|20201215|441|863|2578|2794
arin|20210115|435|857|2598|2745
arin|20210215|436|866|2585|2770
arin|20210315|436|876|2588|2776
arin|20210415|441|925|2417|2931
arin|20210515|434|897|2572|2774
arin|20210615|442|880|2610|2733
arin|20210715|443|854|2582|2775
arin|20210815|444|857|2569|2769
arin|20210915|438|869|2576|2813
arin|20211015|434|889|2596|2815
arin|20211115|447|899|2654|2742
arin|20211215|430|918|2439|2948
arin|20220115|435|924|2449|2976
arin|20220215|430|932|2452|2991
arin|20220315|444|894|2581|2816
arin|20220415|436|889|2607|2786
arin|20220515|426|912|2660|2743
arin|20220615|433|878|2621|2832
arin|20220715|440|888|2622|2845
arin|20220815|453|921|2418|3042
arin|20220915|445|949|2403|3033
arin|20221015|448|921|2393|3004
arin|20221115|437|878|2566|2790
arin|20221215|438|885|2562|2790
arin|20230115|447|871|2563|2799
arin|20230215|441|877|2563|2801
arin|20230315|445|885|2576|2792
arin|20230415|450|892|2576|2819
arin|20230515|459|922|2511|2895
arin|20230615|451|880|2546|2848
arin|20230715|443|877|2516|2841
arin|20230815|462|914|2712|2905
arin|20230915|458|925|2717|2915
arin|20231015|451|933|2701|2933
arin|20231115|432|946|2694|2913
arin|20231215|437|950|2702|2897
arin|20240115|442|952|2668|2930
arin|20240215|428|910|2531|2848
arin|20240315|444|957|2679|2955
arin|20240415|434|978|2674|2950
arin|20240515|438|1002|2715|2922
arin|20240615|448|1003|2698|2923
internet|20140615|393|1308|4919|7048
internet|20140715|412|1359|4967|7142
internet|20140815|417|1380|5020|7184
internet|20140915|416|1415|5022|7330
internet|20141015|396|1453|5017|7371
internet|20141115|419|1410|5102|7463
internet|20141215|417|1451|5104|7535
internet|20150115|432|1494|5113|7640
internet|20150215|432|1550|5134|7627
internet|20150315|429|1521|5230|7664
internet|20150415|427|1546|5283|7692
internet|20150515|447|1518|5292|7752
internet|20150615|452|1551|5324|7756
internet|20150715|446|1570|5321|7803
internet|20150815|466|1531|5433|7844
internet|20150915|465|1568|5403|7935
internet|20151015|475|1571|5462|7959
internet|20151115|472|1559|5518|8079
internet|20151215|479|1594|5501|8185
internet|20160115|489|1601|5614|8192
internet|20160215|514|1621|5643|8311
internet|20160315|530|1651|5722|8367
internet|20160415|543|1635|5790|8390
internet|20160515|547|1653|5817|8445
internet|20160615|569|1645|5885|8501
internet|20160715|581|1665|5835|8600
internet|20160815|599|1684|5954|8663
internet|20160915|584|1689|5986|8738
internet|20161015|579|1637|5987|8802
internet|20161115|589|1674|5986|8861
internet|20161215|606|1673|6027|8870
internet|20170115|612|1682|6062|8860
internet|20170215|599|1699|6169|9003
internet|20170315|620|1702|6248|9133
internet|20170415|609|1744|6250|9200
internet|20170515|615|1730|6296|9279
internet|20170615|624|1727|6312|9360
internet|20170715|642|1716|6390|9292
internet|20170815|634|1760|6414|9475
internet|20170915|666|1815|6521|9464
internet|20171015|682|1818|6558|9587
internet|20171115|677|1856|6512|9887
internet|20171215|652|1837|6554|9753
internet|20180115|653|1808|6516|9785
internet|20180215|660|1837|6576|9857
internet|20180315|691|1911|6661|9994
internet|20180415|739|2017|6954|10043
internet|20180515|730|1954|6829|10251
internet|20180615|756|2019|6919|10324
internet|20180715|759|1925|6821|10334
internet|20180815|772|1899|6842|10532
internet|20180915|780|1950|6856|10487
internet|20181015|794|1925|6913|10557
internet|20181115|785|1956|6909|10750
internet|20181215|774|1989|6903|10755
internet|20190115|778|2020|6881|10816
internet|20190215|806|2019|6885|10886
internet|20190315|824|1997|6965|10998
internet|20190415|800|1952|6875|11038
internet|20190515|807|2060|6968|11086
internet|20190615|819|2057|6982|11055
internet|20190715|825|2100|6996|11087
internet|20190815|848|2079|7083|11135
internet|20190915|838|2062|7210|11235
internet|20191015|837|2032|7213|11509
internet|20191115|868|2097|7097|11752
internet|20191215|865|2102|7254|11426
internet|20200115|860|2095|7336|11661
internet|20200215|853|2143|7305|11682
internet|20200315|875|2159|7397|11890
internet|20200415|875|2141|7387|12054
internet|20200515|887|2120|7519|12052
internet|20200615|908|2165|7384|12201
internet|20200715|916|2198|7410|12296
internet|20200815|951|2223|7468|12393
internet|20200915|979|2219|7478|12507
internet|20201015|1017|2262|7564|12441
internet|20201115|1010|2239|7560|12434
internet|20201215|1001|2264|7558|12724
internet|20210115|1012|2216|7533|12735
internet|20210215|1014|2233|7510|12770
internet|20210315|1017|2268|7472|12953
internet|20210415|1021|2345|7357|13156
internet|20210515|1039|2263|7536|13040
internet|20210615|1040|2289|7600|13014
internet|20210715|1036|2277|7534|13086
internet|20210815|1014|2280|7664|13199
internet|20210915|1024|2288|7782|13271
internet|20211015|1011|2341|7834|13489
internet|20211115|1039|2357|7847|13245
internet|20211215|1032|2364|7650|13339
internet|20220115|1052|2386|7693|13529
internet|20220215|1060|2433|7733|13503
internet|20220315|1074|2406|7825|13412
internet|20220415|1071|2380|7924|13271
internet|20220515|1041|2402|8100|13189
internet|20220615|1066|2372|7963|13506
internet|20220715|1101|2432|7945|13737
internet|20220815|1104|2471|7627|13848
internet|20220915|1126|2475|7656|13948
internet|20221015|1108|2430|7708|13832
internet|20221115|1099|2428|7939|13444
internet|20221215|1088|2437|7868|13569
internet|20230115|1109|2398|7910|13608
internet|20230215|1094|2391|7928|13587
internet|20230315|1119|2394|8006|13486
internet|20230415|1129|2431|8045|13591
internet|20230515|1128|2455|7937|13672
internet|20230615|1135|2406|7998|13622
internet|20230715|1103|2403|8049|13598
internet|20230815|1151|2511|8319|13853
internet|20230915|1150|2519|8303|14008
internet|20231015|1148|2567|8292|13979
internet|20231115|1116|2588|8224|14007
internet|20231215|1143|2672|8200|13809
internet|20240115|1162|2648|8198|13868
internet|20240215|1144|2575|8058|13677
internet|20240315|1170|2633|8211|13875
internet|20240415|1153|2697|8267|13999
internet|20240515|1183|2709|8385|13887
internet|20240615|1212|2751|8331|13942
lacnic|20140615|50|113|386|894
lacnic|20140715|50|113|393|921
lacnic|20140815|47|112|388|959
lacnic|20140915|51|97|399|1021
lacnic|20141015|46|110|413|1016
lacnic|20141115|50|108|436|1042
lacnic|20141215|47|115|438|1092
lacnic|20150115|46|117|448|1087
lacnic|20150215|49|127|433|1136
lacnic|20150315|47|124|435|1160
lacnic|20150415|53|119|456|1187
lacnic|20150515|57|114|481|1204
lacnic|20150615|58|116|503|1188
lacnic|20150715|56|138|500|1211
lacnic|20150815|60|126|496|1236
lacnic|20150915|61|118|516|1281
lacnic|20151015|69|122|505|1334
lacnic|20151115|67|123|509|1329
lacnic|20151215|64|123|501|1383
lacnic|20160115|70|125|517|1415
lacnic|20160215|79|134|526|1440
lacnic|20160315|92|142|501|1514
lacnic|20160415|91|141|535|1476
lacnic|20160515|86|138|543|1512
lacnic|20160615|95|128|546|1550
lacnic|20160715|93|140|547|1602
lacnic|20160815|109|145|554|1608
lacnic|20160915|113|135|581|1660
lacnic|20161015|98|147|578|1701
lacnic|20161115|103|147|555|1733
lacnic|20161215|112|133|586|1742
lacnic|20170115|112|129|590|1782
lacnic|20170215|104|136|598|1868
lacnic|20170315|112|146|571|1916
lacnic|20170415|104|146|562|1958
lacnic|20170515|109|136|593|2008
lacnic|20170615|111|135|594|2037
lacnic|20170715|111|144|616|2035
lacnic|20170815|110|134|611|2103
lacnic|20170915|115|152|620|2113
lacnic|20171015|120|148|634|2180
lacnic|20171115|122|142|635|2265
lacnic|20171215|114|139|639|2261
lacnic|20180115|110|143|652|2265
lacnic|20180215|115|157|655|2312
lacnic|20180315|121|157|684|2372
lacnic|20180415|129|174|716|2370
lacnic|20180515|123|172|700|2435
lacnic|20180615|126|175|713|2477
lacnic|20180715|122|159|708|2506
lacnic|20180815|111|165|711|2563
lacnic|20180915|109|169|742|2579
lacnic|20181015|105|168|752|2619
lacnic|20181115|101|163|734|2716
lacnic|20181215|95|158|759|2702
lacnic|20190115|94|176|741|2717
lacnic|20190215|97|174|772|2731
lacnic|20190315|102|162|765|2811
lacnic|20190415|95|175|763|2799
lacnic|20190515|97|180|769|2812
lacnic|20190615|95|176|780|2768
lacnic|20190715|91|186|803|2785
lacnic|20190815|94|194|830|2848
lacnic|20190915|90|188|859|2845
lacnic|20191015|87|188|859|2911
lacnic|20191115|95|200|857|2980
lacnic|20191215|83|193|876|2973
lacnic|20200115|85|183|876|3103
lacnic|20200215|75|204|869|3135
lacnic|20200315|84|200|897|3229
lacnic|20200415|88|205|927|3308
lacnic|20200515|85|198|981|3337
lacnic|20200615|88|211|937|3469
lacnic|20200715|90|234|920|3542
lacnic|20200815|101|233|951|3568
lacnic|20200915|102|246|972|3642
lacnic|20201015|105|241|1008|3522
lacnic|20201115|104|234|1033|3514
lacnic|20201215|107|248|1010|3631
lacnic|20210115|110|257|1026|3625
lacnic|20210215|109|242|1009|3651
lacnic|20210315|112|259|1012|3707
lacnic|20210415|120|260|1054|3687
lacnic|20210515|119|251|1051|3733
lacnic|20210615|115|272|1083|3728
lacnic|20210715|111|268|1083|3742
lacnic|20210815|108|288|1127|3754
lacnic|20210915|117|283|1146|3764
lacnic|20211015|117|273|1175|3758
lacnic|20211115|121|287|1179|3774
lacnic|20211215|125|268|1206|3740
lacnic|20220115|124|302|1211|3761
lacnic|20220215|123|307|1191|3796
lacnic|20220315|127|318|1193|3788
lacnic|20220415|122|331|1181|3772
lacnic|20220515|123|336|1194|3743
lacnic|20220615|129|344|1177|3765
lacnic|20220715|133|357|1201|3799
lacnic|20220815|131|353|1165|3780
lacnic|20220915|144|358|1180|3787
lacnic|20221015|132|346|1211|3744
lacnic|20221115|132|370|1213|3688
lacnic|20221215|135|349|1228|3721
lacnic|20230115|145|346|1215|3717
lacnic|20230215|147|350|1247|3717
lacnic|20230315|151|351|1234|3706
lacnic|20230415|149|363|1237|3722
lacnic|20230515|144|385|1217|3721
lacnic|20230615|157|380|1236|3746
lacnic|20230715|169|378|1246|3802
lacnic|20230815|167|388|1265|3769
lacnic|20230915|170|380|1279|3821
lacnic|20231015|172|390|1254|3824
lacnic|20231115|163|409|1236|3816
lacnic|20231215|179|440|1226|3800
lacnic|20240115|181|422|1253|3795
lacnic|20240215|182|417|1248|3778
lacnic|20240315|186|417|1243|3765
lacnic|20240415|167|438|1262|3773
lacnic|20240515|186|437|1293|3754
lacnic|20240615|191|464|1283|3751
ripencc|20140615|75|312|1335|2544
ripencc|20140715|80|311|1380|2573
ripencc|20140815|83|328|1374|2594
ripencc|20140915|87|332|1346|2660
ripencc|20141015|78|350|1358|2685
ripencc|20141115|83|331|1375|2747
ripencc|20141215|85|343|1369|2720
ripencc|20150115|90|357|1394|2762
ripencc|20150215|92|365|1403|2714
ripencc|20150315|94|344|1448|2750
ripencc|20150415|96|345|1459|2701
ripencc|20150515|92|342|1475|2744
ripencc|20150615|98|356|1466|2737
ripencc|20150715|96|349|1465|2730
ripencc|20150815|94|360|1478|2759
ripencc|20150915|101|358|1485|2781
ripencc|20151015|104|355|1523|2776
ripencc|20151115|99|355|1532|2823
ripencc|20151215|105|363|1525|2883
ripencc|20160115|105|382|1548|2885
ripencc|20160215|108|383|1579|2920
ripencc|20160315|107|385|1612|2943
ripencc|20160415|113|385|1620|2959
ripencc|20160515|109|381|1638|2976
ripencc|20160615|113|376|1638|3016
ripencc|20160715|115|381|1607|3018
ripencc|20160815|118|388|1662|3053
ripencc|20160915|114|391|1649|3064
ripencc|20161015|124|369|1655|3067
ripencc|20161115|130|375|1667|3097
ripencc|20161215|133|375|1669|3082
ripencc|20170115|134|386|1677|3025
ripencc|20170215|133|395|1708|3095
ripencc|20170315|130|387|1747|3110
ripencc|20170415|132|400|1760|3133
ripencc|20170515|132|407|1763|3146
ripencc|20170615|138|405|1797|3170
ripencc|20170715|136|413|1837|3142
ripencc|20170815|134|424|1854|3195
ripencc|20170915|144|432|1854|3184
ripencc|20171015|147|425|1898|3247
ripencc|20171115|143|451|1886|3320
ripencc|20171215|140|445|1928|3247
ripencc|20180115|133|437|1891|3268
ripencc|20180215|142|446|1897|3301
ripencc|20180315|152|471|1946|3307
ripencc|20180415|159|512|2049|3384
ripencc|20180515|164|497|1991|3420
ripencc|20180615|169|517|2029|3470
ripencc|20180715|157|486|1981|3403
ripencc|20180815|173|483|1988|3485
ripencc|20180915|188|477|1997|3501
ripencc|20181015|195|467|1989|3547
ripencc|20181115|202|479|1994|3627
ripencc|20181215|192|487|2000|3651
ripencc|20190115|191|491|1960|3726
ripencc|20190215|194|496|1971|3749
ripencc|20190315|198|509|1980|3737
ripencc|20190415|196|507|1913|3769
ripencc|20190515|192|545|1961|3817
ripencc|20190615|199|533|1973|3853
ripencc|20190715|205|553|1959|3860
ripencc|20190815|215|519|2001|3780
ripencc|20190915|205|517|2030|3916
ripencc|20191015|216|526|2017|4078
ripencc|20191115|217|549|2010|4053
ripencc|20191215|226|562|2017|3956
ripencc|20200115|231|548|2051|4041
ripencc|20200215|227|567|2053|4011
ripencc|20200315|226|586|2096|4071
ripencc|20200415|237|556|2065|4109
ripencc|20200515|243|549|2124|4093
ripencc|20200615|259|550|2025|4105
ripencc|20200715|266|557|2053|4088
ripencc|20200815|285|566|2051|4087
ripencc|20200915|300|568|2035|4110
ripencc|20201015|296|610|2054|4139
ripencc|20201115|303|611|2073|4092
ripencc|20201215|291|621|2080|4216
ripencc|20210115|298|609|2065|4244
ripencc|20210215|297|622|2041|4249
ripencc|20210315|300|628|2037|4298
ripencc|20210415|295|644|2021|4313
ripencc|20210515|305|609|2064|4290
ripencc|20210615|307|617|2063|4322
ripencc|20210715|304|602|2024|4319
ripencc|20210815|288|608|2052|4329
ripencc|20210915|291|621|2089|4299
ripencc|20211015|283|626|2091|4576
ripencc|20211115|293|609|2062|4423
ripencc|20211215|296|593|2057|4342
ripencc|20220115|305|604|2081|4409
ripencc|20220215|314|600|2097|4390
ripencc|20220315|313|618|2066|4425
ripencc|20220415|320|601|2112|4349
ripencc|20220515|297|603|2205|4362
ripencc|20220615|309|599|2128|4493
ripencc|20220715|326|606|2108|4597
ripencc|20220815|322|610|2024|4541
ripencc|20220915|331|596|2073|4569
ripencc|20221015|321|607|2089|4536
ripencc|20221115|322|598|2132|4472
ripencc|20221215|317|625|2045|4482
ripencc|20230115|316|608|2110|4474
ripencc|20230215|316|590|2104|4417
ripencc|20230315|328|590|2131|4394
ripencc|20230415|331|611|2137|4445
ripencc|20230515|322|606|2110|4476
ripencc|20230615|325|588|2117|4454
ripencc|20230715|296|586|2170|4370
ripencc|20230815|303|604|2200|4443
ripencc|20230915|312|603|2183|4470
ripencc|20231015|315|615|2185|4468
ripencc|20231115|316|629|2193|4493
ripencc|20231215|320|644|2189|4376
ripencc|20240115|330|632|2196|4421
ripencc|20240215|319|631|2176|4355
ripencc|20240315|328|634|2191|4429
ripencc|20240415|321|653|2206|4429
ripencc|20240515|335|667|2211|4405
ripencc|20240615|345|699|2178|4461
