as_type|date|baixa|media|alta
business|20140615|449|1054|2058
business|20140715|471|1078|2087
business|20140815|460|1106|2106
business|20140915|472|1105|2132
business|20141015|476|1096|2140
business|20141115|462|1106|2180
business|20141215|486|1104|2202
business|20150115|490|1085|2242
business|20150215|495|1113|2242
business|20150315|503|1144|2230
business|20150415|496|1145|2269
business|20150515|496|1154|2270
business|20150615|505|1145|2278
business|20150715|513|1150|2268
business|20150815|515|1170|2274
business|20150915|530|1194|2292
business|20151015|521|1196|2309
business|20151115|528|1188|2372
business|20151215|525|1214|2365
business|20160115|532|1237|2378
business|20160215|528|1243|2417
business|20160315|528|1258|2438
business|20160415|540|1286|2436
business|20160515|535|1317|2463
business|20160615|544|1318|2496
business|20160715|552|1332|2494
business|20160815|556|1338|2536
business|20160915|555|1343|2563
business|20161015|561|1369|2503
business|20161115|566|1391|2494
business|20161215|579|1395|2496
business|20170115|591|1394|2529
business|20170215|596|1398|2574
business|20170315|604|1409|2576
business|20170415|607|1404|2628
business|20170515|608|1428|2659
business|20170615|604|1428|2677
business|20170715|604|1457|2659
business|20170815|622|1448|2719
business|20170915|634|1480|2704
business|20171015|633|1496|2703
business|20171115|651|1496|2781
business|20171215|649|1516|2749
business|20180115|660|1501|2759
business|20180215|655|1498|2793
business|20180315|669|1525|2794
business|20180415|668|1554|2836
business|20180515|671|1545|2856
business|20180615|693|1541|2865
business|20180715|681|1533|2908
business|20180815|695|1530|2911
business|20180915|692|1556|2881
business|20181015|712|1561|2906
business|20181115|720|1536|2975
business|20181215|722|1554|2994
business|20190115|741|1560|2993
business|20190215|750|1529|3043
business|20190315|770|1556|3055
business|20190415|736|1535|3068
business|20190515|755|1575|3044
business|20190615|758|1581|3064
business|20190715|747|1594|3065
business|20190815|758|1586|3099
business|20190915|772|1603|3121
business|20191015|757|1604|3175
business|20191115|770|1624|3211
business|20191215|781|1657|3166
business|20200115|773|1661|3202
business|20200215|783|1680|3180
business|20200315|782|1688|3236
business|20200415|773|1682|3298
business|20200515|772|1716|3285
business|20200615|790|1723|3279
business|20200715|789|1743|3283
business|20200815|805|1748|3319
business|20200915|814|1729|3322
business|20201015|818|1744|3353
business|20201115|831|1737|3402
business|20201215|844|1733|3445
business|20210115|811|1735|3454
business|20210215|824|1759|3462
business|20210315|835|1750|3471
business|20210415|856|1637|3616
business|20210515|850|1754|3480
business|20210615|836|1765|3485
business|20210715|823|1752|3507
business|20210815|834|1735|3491
business|20210915|830|1747|3530
business|20211015|831|1784|3540
business|20211115|833|1780|3528
business|20211215|835|1709|3614
business|20220115|833|1717|3642
business|20220215|842|1730|3659
business|20220315|830|1788|3589
business|20220415|803|1849|3546
business|20220515|812|1846|3555
business|20220615|808|1804|3649
business|20220715|817|1803|3725
business|20220815|838|1738|3762
business|20220915|852|1717|3802
business|20221015|846|1746|3754
business|20221115|814|1816|3662
business|20221215|818|1824|3657
business|20230115|805|1830|3671
business|20230215|794|1852|3683
business|20230315|812|1855|3643
business|20230415|836|1843|3665
business|20230515|858|1830|3680
business|20230615|824|1823|3710
business|20230715|838|1805|3701
business|20230815|836|1833|3830
business|20230915|837|1837|3847
business|20231015|839|1858|3821
business|20231115|829|1842|3818
business|20231215|834|1837|3804
business|20240115|848|1814|3823
business|20240215|818|1834|3771
business|20240315|826|1837|3806
business|20240415|837|1848|3859
business|20240515|862|1838|3882
business|20240615|864|1812|3919
education|20140615|39|176|492
education|20140715|38|173|490
education|20140815|42|175|490
education|20140915|45|179|514
education|20141015|47|169|515
education|20141115|48|168|521
education|20141215|52|171|519
education|20150115|55|171|526
education|20150215|54|171|528
education|20150315|58|168|522
education|20150415|63|164|526
education|20150515|64|160|530
education|20150615|61|166|531
education|20150715|62|167|524
education|20150815|61|167|525
education|20150915|61|174|519
education|20151015|64|172|526
education|20151115|63|173|531
education|20151215|58|178|531
education|20160115|64|168|538
education|20160215|58|173|547
education|20160315|59|168|550
education|20160415|55|169|548
education|20160515|61|168|546
education|20160615|53|175|543
education|20160715|57|168|543
education|20160815|51|175|551
education|20160915|49|185|552
education|20161015|44|190|545
education|20161115|49|188|546
education|20161215|45|194|547
education|20170115|47|186|551
education|20170215|49|184|558
education|20170315|53|186|560
education|20170415|51|184|556
education|20170515|41|184|569
education|20170615|50|177|573
education|20170715|50|168|572
education|20170815|50|180|575
education|20170915|46|173|595
education|20171015|49|173|601
education|20171115|45|176|609
education|20171215|49|178|593
education|20180115|45|171|604
education|20180215|48|172|607
education|20180315|52|170|613
education|20180415|51|186|615
education|20180515|55|176|616
education|20180615|53|180|618
education|20180715|56|176|613
education|20180815|52|175|613
education|20180915|52|185|611
education|20181015|54|194|624
education|20181115|54|193|613
education|20181215|58|187|619
education|20190115|59|197|623
education|20190215|65|193|614
education|20190315|59|199|626
education|20190415|58|200|626
education|20190515|61|199|623
education|20190615|63|200|619
education|20190715|61|203|633
education|20190815|64|205|618
education|20190915|62|216|626
education|20191015|63|214|620
education|20191115|65|209|629
education|20191215|62|218|613
education|20200115|58|233|611
education|20200215|61|235|606
education|20200315|61|230|608
education|20200415|61|228|610
education|20200515|61|231|607
education|20200615|62|228|604
education|20200715|60|240|604
education|20200815|65|229|614
education|20200915|57|228|619
education|20201015|60|217|630
education|20201115|60|213|617
education|20201215|59|214|627
education|20210115|63|221|612
education|20210215|59|213|622
education|20210315|57|204|637
education|20210415|66|199|642
education|20210515|62|201|638
education|20210615|60|202|640
education|20210715|60|203|631
education|20210815|63|199|636
education|20210915|68|201|632
education|20211015|58|206|649
education|20211115|58|212|652
education|20211215|58|199|654
education|20220115|63|210|651
education|20220215|63|209|656
education|20220315|59|212|662
education|20220415|62|216|645
education|20220515|66|216|644
education|20220615|61|223|654
education|20220715|60|221|673
education|20220815|66|201|673
education|20220915|65|195|682
education|20221015|68|196|678
education|20221115|62|197|686
education|20221215|61|193|690
education|20230115|60|194|678
education|20230215|61|189|683
education|20230315|59|197|676
education|20230415|60|205|677
education|20230515|61|201|680
education|20230615|67|202|692
education|20230715|65|213|667
education|20230815|62|214|684
education|20230915|63|215|685
education|20231015|62|214|687
education|20231115|64|211|680
education|20231215|63|215|664
education|20240115|63|220|672
education|20240215|65|218|667
education|20240315|61|227|676
education|20240415|65|216|688
education|20240515|71|211|676
education|20240615|73|207|676
government|20140615|31|89|195
government|20140715|29|87|199
government|20140815|31|87|197
government|20140915|29|90|209
government|20141015|32|85|206
government|20141115|37|79|211
government|20141215|35|82|214
government|20150115|33|81|220
government|20150215|31|92|213
government|20150315|34|96|201
government|20150415|35|97|206
government|20150515|35|95|202
government|20150615|40|92|197
government|20150715|38|103|188
government|20150815|34|104|191
government|20150915|35|104|188
government|20151015|36|96|191
government|20151115|35|96|190
government|20151215|33|96|199
government|20160115|34|93|198
government|20160215|34|88|210
government|20160315|32|94|211
government|20160415|33|93|209
government|20160515|34|92|211
government|20160615|33|97|208
government|20160715|33|101|205
government|20160815|38|99|200
government|20160915|36|94|205
government|20161015|35|102|203
government|20161115|33|103|200
government|20161215|34|105|198
government|20170115|34|105|192
government|20170215|31|109|192
government|20170315|34|110|196
government|20170415|37|105|192
government|20170515|37|107|192
government|20170615|37|101|200
government|20170715|33|106|199
government|20170815|39|109|195
government|20170915|39|112|198
government|20171015|38|104|200
government|20171115|41|111|197
government|20171215|37|114|204
government|20180115|36|112|202
government|20180215|44|111|208
government|20180315|48|105|209
government|20180415|46|108|221
government|20180515|44|110|218
government|20180615|46|115|224
government|20180715|45|105|233
government|20180815|45|102|234
government|20180915|41|112|227
government|20181015|41|114|222
government|20181115|44|112|229
government|20181215|44|112|228
government|20190115|46|102|220
government|20190215|46|110|225
government|20190315|45|114|229
government|20190415|40|122|229
government|20190515|45|115|233
government|20190615|41|118|235
government|20190715|42|116|235
government|20190815|43|121|234
government|20190915|45|113|240
government|20191015|40|112|242
government|20191115|43|104|247
government|20191215|41|109|254
government|20200115|44|107|259
government|20200215|46|106|260
government|20200315|45|105|259
government|20200415|44|110|258
government|20200515|43|113|259
government|20200615|48|111|261
government|20200715|44|116|259
government|20200815|44|119|258
government|20200915|42|116|261
government|20201015|44|120|255
government|20201115|44|123|255
government|20201215|41|121|260
government|20210115|40|126|260
government|20210215|43|127|256
government|20210315|47|123|264
government|20210415|47|112|277
government|20210515|44|126|268
government|20210615|46|126|265
government|20210715|44|122|267
government|20210815|45|130|267
government|20210915|47|132|265
government|20211015|44|129|277
government|20211115|50|140|265
government|20211215|42|127|284
government|20220115|44|125|293
government|20220215|42|132|294
government|20220315|45|138|290
government|20220415|41|146|280
government|20220515|46|145|283
government|20220615|44|151|287
government|20220715|44|147|290
government|20220815|48|133|314
government|20220915|49|131|308
government|20221015|48|130|310
government|20221115|44|142|296
government|20221215|49|133|306
government|20230115|46|131|310
government|20230215|44|132|311
government|20230315|45|145|305
government|20230415|41|144|310
government|20230515|44|138|311
government|20230615|46|135|315
government|20230715|47|139|303
government|20230815|46|142|299
government|20230915|44|141|309
government|20231015|44|150|300
government|20231115|48|146|295
government|20231215|52|144|300
government|20240115|49|144|301
government|20240215|55|142|299
government|20240315|52|142|319
government|20240415|53|136|318
government|20240515|48|149|307
government|20240615|44|150|316
hosting|20140615|314|579|1679
hosting|20140715|329|584|1696
hosting|20140815|350|584|1693
hosting|20140915|363|561|1720
hosting|20141015|362|587|1707
hosting|20141115|372|583|1732
hosting|20141215|375|574|1738
hosting|20150115|393|583|1750
hosting|20150215|390|605|1729
hosting|20150315|396|608|1744
hosting|20150415|381|630|1742
hosting|20150515|399|620|1757
hosting|20150615|402|643|1761
hosting|20150715|404|640|1787
hosting|20150815|424|650|1811
hosting|20150915|418|674|1802
hosting|20151015|418|687|1816
hosting|20151115|421|691|1829
hosting|20151215|424|698|1848
hosting|20160115|438|718|1835
hosting|20160215|443|732|1860
hosting|20160315|462|719|1865
hosting|20160415|456|724|1891
hosting|20160515|440|734|1913
hosting|20160615|450|756|1907
hosting|20160715|444|768|1947
hosting|20160815|469|764|1946
hosting|20160915|457|770|1964
hosting|20161015|453|761|1988
hosting|20161115|477|778|1976
hosting|20161215|475|786|1971
hosting|20170115|478|781|1998
hosting|20170215|474|810|2015
hosting|20170315|474|832|2047
hosting|20170415|497|793|2077
hosting|20170515|496|823|2060
hosting|20170615|510|834|2061
hosting|20170715|504|841|2079
hosting|20170815|516|840|2115
hosting|20170915|532|832|2113
hosting|20171015|531|863|2113
hosting|20171115|545|835|2165
hosting|20171215|545|858|2147
hosting|20180115|543|845|2155
hosting|20180215|550|857|2175
hosting|20180315|571|869|2178
hosting|20180415|606|928|2192
hosting|20180515|598|890|2205
hosting|20180615|599|917|2227
hosting|20180715|626|902|2192
hosting|20180815|626|881|2237
hosting|20180915|654|908|2222
hosting|20181015|642|896|2259
hosting|20181115|640|917|2285
hosting|20181215|654|911|2297
hosting|20190115|666|891|2323
hosting|20190215|673|907|2328
hosting|20190315|676|915|2339
hosting|20190415|664|909|2325
hosting|20190515|693|907|2377
hosting|20190615|699|920|2345
hosting|20190715|681|939|2389
hosting|20190815|694|954|2378
hosting|20190915|687|979|2431
hosting|20191015|705|979|2479
hosting|20191115|717|975|2513
hosting|20191215|729|991|2429
hosting|20200115|744|986|2480
hosting|20200215|737|1015|2458
hosting|20200315|758|1033|2494
hosting|20200415|741|1029|2539
hosting|20200515|728|1055|2522
hosting|20200615|762|1013|2533
hosting|20200715|772|1027|2546
hosting|20200815|804|1051|2536
hosting|20200915|799|1060|2564
hosting|20201015|824|1091|2563
hosting|20201115|824|1106|2550
hosting|20201215|829|1104|2588
hosting|20210115|826|1110|2587
hosting|20210215|827|1111|2608
hosting|20210315|856|1092|2646
hosting|20210415|837|1117|2669
hosting|20210515|864|1086|2669
hosting|20210615|882|1091|2665
hosting|20210715|889|1073|2671
hosting|20210815|874|1104|2711
hosting|20210915|869|1123|2734
hosting|20211015|890|1127|2813
hosting|20211115|903|1131|2742
hosting|20211215|871|1148|2712
hosting|20220115|892|1151|2753
hosting|20220215|904|1149|2748
hosting|20220315|926|1131|2752
hosting|20220415|930|1129|2733
hosting|20220515|938|1160|2737
hosting|20220615|917|1155|2785
hosting|20220715|945|1176|2820
hosting|20220815|936|1161|2799
hosting|20220915|939|1159|2854
hosting|20221015|939|1151|2847
hosting|20221115|943|1160|2818
hosting|20221215|964|1133|2832
hosting|20230115|971|1155|2827
hosting|20230215|952|1163|2817
hosting|20230315|960|1158|2836
hosting|20230415|978|1167|2866
hosting|20230515|985|1183|2871
hosting|20230615|986|1176|2854
hosting|20230715|971|1182|2862
hosting|20230815|1027|1208|2958
hosting|20230915|1022|1215|2983
hosting|20231015|1040|1240|2969
hosting|20231115|1032|1251|2988
hosting|20231215|1051|1278|2918
hosting|20240115|1053|1290|2936
hosting|20240215|1031|1265|2898
hosting|20240315|1073|1298|2989
hosting|20240415|1096|1303|2996
hosting|20240515|1097|1322|3013
hosting|20240615|1117|1307|3042
internet|20140615|1447|3552|8669
internet|20140715|1508|3593|8779
internet|20140815|1522|3622|8857
internet|20140915|1552|3616|9015
internet|20141015|1556|3641|9040
internet|20141115|1551|3675|9168
internet|20141215|1590|3699|9218
internet|20150115|1643|3701|9335
internet|20150215|1673|3737|9333
internet|20150315|1664|3800|9380
internet|20150415|1681|3817|9450
internet|20150515|1691|3822|9496
internet|20150615|1709|3872|9502
internet|20150715|1721|3868|9551
internet|20150815|1716|3948|9610
internet|20150915|1753|3953|9665
internet|20151015|1758|3981|9728
internet|20151115|1761|4023|9843
internet|20151215|1783|4030|9945
internet|20160115|1799|4122|9974
internet|20160215|1838|4121|10129
internet|20160315|1879|4147|10243
internet|20160415|1885|4232|10240
internet|20160515|1883|4265|10313
internet|20160615|1908|4317|10374
internet|20160715|1923|4342|10415
internet|20160815|1967|4374|10558
internet|20160915|1943|4370|10683
internet|20161015|1920|4415|10669
internet|20161115|1980|4422|10707
internet|20161215|1979|4452|10744
internet|20170115|1993|4431|10791
internet|20170215|1991|4502|10977
internet|20170315|2032|4560|11111
internet|20170415|2072|4515|11216
internet|20170515|2045|4598|11277
internet|20170615|2051|4588|11384
internet|20170715|2053|4626|11361
internet|20170815|2083|4640|11560
internet|20170915|2157|4779|11530
internet|20171015|2179|4855|11611
internet|20171115|2208|4779|11945
internet|20171215|2157|4819|11820
internet|20180115|2130|4802|11830
internet|20180215|2162|4817|11951
internet|20180315|2238|4914|12105
internet|20180415|2374|5139|12240
internet|20180515|2321|5050|12393
internet|20180615|2388|5119|12511
internet|20180715|2331|5011|12497
internet|20180815|2346|4982|12717
internet|20180915|2376|5104|12593
internet|20181015|2366|5124|12699
internet|20181115|2402|5072|12926
internet|20181215|2410|5089|12922
internet|20190115|2432|5088|12975
internet|20190215|2472|5123|13001
internet|20190315|2460|5197|13127
internet|20190415|2390|5119|13156
internet|20190515|2486|5193|13242
internet|20190615|2480|5252|13181
internet|20190715|2505|5290|13212
internet|20190815|2540|5297|13307
internet|20190915|2503|5407|13434
internet|20191015|2473|5365|13752
internet|20191115|2520|5364|13930
internet|20191215|2548|5430|13669
internet|20200115|2528|5499|13925
internet|20200215|2555|5541|13887
internet|20200315|2599|5575|14147
internet|20200415|2568|5582|14307
internet|20200515|2560|5673|14345
internet|20200615|2626|5580|14452
internet|20200715|2610|5666|14544
internet|20200815|2680|5715|14640
internet|20200915|2715|5722|14746
internet|20201015|2823|5801|14660
internet|20201115|2781|5802|14660
internet|20201215|2805|5804|14938
internet|20210115|2757|5801|14938
internet|20210215|2759|5811|14957
internet|20210315|2827|5712|15171
internet|20210415|2868|5611|15399
internet|20210515|2855|5702|15321
internet|20210615|2874|5742|15326
internet|20210715|2871|5705|15357
internet|20210815|2833|5767|15556
internet|20210915|2824|5831|15709
internet|20211015|2854|5895|15925
internet|20211115|2920|5905|15662
internet|20211215|2846|5878|15660
internet|20220115|2914|5908|15837
internet|20220215|2981|5911|15835
internet|20220315|2983|5954|15777
internet|20220415|2946|6052|15646
internet|20220515|2950|6122|15658
internet|20220615|2958|6045|15903
internet|20220715|3030|5987|16198
internet|20220815|3036|5908|16106
internet|20220915|3057|5890|16258
internet|20221015|3017|5930|16131
internet|20221115|3035|6029|15846
internet|20221215|3013|6018|15931
internet|20230115|3013|6024|15988
internet|20230215|2961|6025|16014
internet|20230315|3003|6082|15920
internet|20230415|3052|6125|16019
internet|20230515|3053|6075|16063
internet|20230615|3036|6029|16095
internet|20230715|3021|6085|16046
internet|20230815|3121|6174|16537
internet|20230915|3105|6158|16716
internet|20231015|3144|6208|16633
internet|20231115|3125|6159|16651
internet|20231215|3229|6197|16398
internet|20240115|3216|6172|16488
internet|20240215|3139|6125|16190
internet|20240315|3205|6193|16490
internet|20240415|3260|6188|16667
internet|20240515|3293|6252|16618
internet|20240615|3346|6199|16690
isp|20140615|381|947|2768
isp|20140715|395|959|2822
isp|20140815|390|950|2872
isp|20140915|393|959|2944
isp|20141015|388|992|2946
isp|20141115|394|1030|2997
isp|20141215|402|1037|3032
isp|20150115|423|1068|3045
isp|20150215|434|1031|3097
isp|20150315|414|1037|3151
isp|20150415|430|1064|3163
isp|20150515|427|1072|3201
isp|20150615|430|1091|3236
isp|20150715|429|1101|3270
isp|20150815|418|1140|3291
isp|20150915|436|1097|3353
isp|20151015|457|1102|3386
isp|20151115|438|1168|3394
isp|20151215|462|1139|3470
isp|20160115|449|1187|3507
isp|20160215|485|1173|3539
isp|20160315|507|1186|3635
isp|20160415|516|1228|3601
isp|20160515|523|1231|3651
isp|20160615|525|1241|3697
isp|20160715|539|1232|3736
isp|20160815|557|1266|3802
isp|20160915|564|1245|3886
isp|20161015|552|1253|3955
isp|20161115|581|1245|3990
isp|20161215|574|1255|4040
isp|20170115|575|1267|4047
isp|20170215|576|1296|4164
isp|20170315|595|1330|4224
isp|20170415|621|1329|4278
isp|20170515|593|1340|4339
isp|20170615|590|1352|4393
isp|20170715|598|1344|4417
isp|20170815|600|1360|4502
isp|20170915|649|1462|4467
isp|20171015|659|1508|4556
isp|20171115|657|1450|4745
isp|20171215|628|1448|4676
isp|20180115|595|1492|4689
isp|20180215|619|1493|4772
isp|20180315|650|1567|4862
isp|20180415|742|1687|4917
isp|20180515|704|1641|5054
isp|20180615|736|1701|5140
isp|20180715|684|1651|5149
isp|20180815|696|1629|5280
isp|20180915|702|1681|5239
isp|20181015|699|1682|5281
isp|20181115|716|1639|5431
isp|20181215|712|1664|5402
isp|20190115|701|1672|5448
isp|20190215|711|1693|5457
isp|20190315|682|1747|5561
isp|20190415|672|1695|5590
isp|20190515|695|1740|5653
isp|20190615|686|1755|5648
isp|20190715|738|1769|5637
isp|20190815|736|1788|5719
isp|20190915|718|1843|5758
isp|20191015|697|1805|5974
isp|20191115|714|1827|6040
isp|20191215|722|1835|5993
isp|20200115|701|1884|6177
isp|20200215|722|1902|6210
isp|20200315|746|1905|6382
isp|20200415|748|1929|6459
isp|20200515|749|1947|6531
isp|20200615|761|1902|6650
isp|20200715|746|1954|6748
isp|20200815|770|1984|6812
isp|20200915|809|1997|6896
isp|20201015|889|2046|6808
isp|20201115|845|2080|6802
isp|20201215|843|2103|6981
isp|20210115|841|2091|7022
isp|20210215|841|2079|7004
isp|20210315|879|2010|7153
isp|20210415|900|2031|7222
isp|20210515|883|2031|7314
isp|20210615|895|2077|7334
isp|20210715|906|2078|7367
isp|20210815|871|2126|7529
isp|20210915|853|2175|7631
isp|20211015|878|2214|7750
isp|20211115|927|2204|7624
isp|20211215|903|2274|7573
isp|20220115|936|2289|7700
isp|20220215|978|2277|7702
isp|20220315|978|2288|7744
isp|20220415|967|2327|7721
isp|20220515|964|2373|7741
isp|20220615|996|2348|7848
isp|20220715|1032|2282|8008
isp|20220815|1025|2347|7918
isp|20220915|1032|2354|7997
isp|20221015|1001|2392|7966
isp|20221115|1062|2428|7845
isp|20221215|1022|2454|7918
isp|20230115|1038|2443|7996
isp|20230215|1026|2422|8033
isp|20230315|1047|2454|8005
isp|20230415|1052|2509|8059
isp|20230515|1027|2470|8086
isp|20230615|1038|2477|8127
isp|20230715|1030|2543|8146
isp|20230815|1085|2590|8394
isp|20230915|1086|2561|8542
isp|20231015|1108|2568|8528
isp|20231115|1102|2553|8562
isp|20231215|1173|2585|8447
isp|20240115|1157|2568|8521
isp|20240215|1129|2549|8348
isp|20240315|1155|2591|8509
isp|20240415|1175|2593|8632
isp|20240515|1192|2650|8572
isp|20240615|1228|2656|8586
none|20140615|233|707|1477
none|20140715|246|712|1485
none|20140815|249|720|1499
none|20140915|250|722|1496
none|20141015|251|712|1526
none|20141115|238|709|1527
none|20141215|240|731|1513
none|20150115|249|713|1552
none|20150215|269|725|1524
none|20150315|259|747|1532
none|20150415|276|717|1544
none|20150515|270|721|1536
none|20150615|271|735|1499
none|20150715|275|707|1514
none|20150815|264|717|1518
none|20150915|273|710|1511
none|20151015|262|728|1500
none|20151115|276|707|1527
none|20151215|281|705|1532
none|20160115|282|719|1518
none|20160215|290|712|1556
none|20160315|291|722|1544
none|20160415|285|732|1555
none|20160515|290|723|1529
none|20160615|303|730|1523
none|20160715|298|741|1490
none|20160815|296|732|1523
none|20160915|282|733|1513
none|20161015|275|740|1475
none|20161115|274|717|1501
none|20161215|272|717|1492
none|20170115|268|698|1474
none|20170215|265|705|1474
none|20170315|272|693|1508
none|20170415|259|700|1485
none|20170515|270|716|1458
none|20170615|260|696|1480
none|20170715|264|710|1435
none|20170815|256|703|1454
none|20170915|257|720|1453
none|20171015|269|711|1438
none|20171115|269|711|1448
none|20171215|249|705|1451
none|20180115|251|681|1421
none|20180215|246|686|1396
none|20180315|248|678|1449
none|20180415|261|676|1459
none|20180515|249|688|1444
none|20180615|261|665|1437
none|20180715|239|644|1402
none|20180815|232|665|1442
none|20180915|235|662|1413
none|20181015|218|677|1407
none|20181115|228|675|1393
none|20181215|220|661|1382
none|20190115|219|666|1368
none|20190215|227|691|1334
none|20190315|228|666|1317
none|20190415|220|658|1318
none|20190515|237|657|1312
none|20190615|233|678|1270
none|20190715|236|669|1253
none|20190815|245|643|1259
none|20190915|219|653|1258
none|20191015|211|651|1262
none|20191115|211|625|1290
none|20191215|213|620|1214
none|20200115|208|628|1196
none|20200215|206|603|1173
none|20200315|207|614|1168
none|20200415|201|604|1143
none|20200515|207|611|1141
none|20200615|203|603|1125
none|20200715|199|586|1104
none|20200815|192|584|1101
none|20200915|194|592|1084
none|20201015|188|583|1051
none|20201115|177|543|1034
none|20201215|189|529|1037
none|20210115|176|518|1003
none|20210215|165|522|1005
none|20210315|153|533|1000
none|20210415|162|515|973
none|20210515|152|504|952
none|20210615|155|481|937
none|20210715|149|477|914
none|20210815|146|473|922
none|20210915|157|453|917
none|20211015|153|435|896
none|20211115|149|438|851
none|20211215|137|421|823
none|20220115|146|416|798
none|20220215|152|414|776
none|20220315|145|397|740
none|20220415|143|385|721
none|20220515|124|382|698
none|20220615|132|364|680
none|20220715|132|358|682
none|20220815|123|328|640
none|20220915|120|334|615
none|20221015|115|315|576
none|20221115|110|286|539
none|20221215|99|281|528
none|20230115|93|271|506
none|20230215|84|267|487
none|20230315|80|273|455
none|20230415|85|257|442
none|20230515|78|253|435
none|20230615|75|216|397
none|20230715|70|203|367
none|20230815|65|187|372
none|20230915|53|189|350
none|20231015|51|178|328
none|20231115|50|156|308
none|20231215|56|138|265
none|20240115|46|136|235
none|20240215|41|117|207
none|20240315|38|98|191
none|20240415|34|92|174
none|20240515|23|82|168
none|20240615|20|67|151
