#region|date|from1to24|from25to49|from50to74|from75to100
afrinic|20140615|26|22|40|151
afrinic|20140715|28|20|39|156
afrinic|20140815|29|20|43|154
afrinic|20140915|30|17|37|163
afrinic|20141015|25|18|37|155
afrinic|20141115|30|18|40|155
afrinic|20141215|22|14|38|146
afrinic|20150115|28|17|39|146
afrinic|20150215|31|20|34|143
afrinic|20150315|28|23|38|153
afrinic|20150415|30|26|38|154
afrinic|20150515|21|26|33|154
afrinic|20150615|19|34|33|163
afrinic|20150715|20|31|26|158
afrinic|20150815|19|30|34|165
afrinic|20150915|24|30|36|165
afrinic|20151015|27|27|36|170
afrinic|20151115|25|23|39|174
afrinic|20151215|24|22|40|175
afrinic|20160115|26|18|39|183
afrinic|20160215|23|16|41|185
afrinic|20160315|25|18|42|182
afrinic|20160415|26|22|43|185
afrinic|20160515|23|18|43|187
afrinic|20160615|25|20|42|180
afrinic|20160715|28|22|39|187
afrinic|20160815|34|30|45|213
afrinic|20160915|31|31|48|212
afrinic|20161015|37|30|42|208
afrinic|20161115|36|30|48|212
afrinic|20161215|36|35|53|209
afrinic|20170115|32|32|52|214
afrinic|20170215|31|37|45|216
afrinic|20170315|26|38|54|223
afrinic|20170415|29|34|41|234
afrinic|20170515|35|35|50|224
afrinic|20170615|37|39|56|237
afrinic|20170715|34|29|55|248
afrinic|20170815|41|41|54|233
afrinic|20170915|39|35|54|248
afrinic|20171015|47|38|41|256
afrinic|20171115|46|37|52|240
afrinic|20171215|45|34|59|221
afrinic|20180115|49|35|48|220
afrinic|20180215|48|35|54|219
afrinic|20180315|54|38|65|214
afrinic|20180415|38|33|60|280
afrinic|20180515|40|39|57|247
afrinic|20180615|36|35|64|274
afrinic|20180715|41|44|65|268
afrinic|20180815|39|43|64|260
afrinic|20180915|40|45|64|256
afrinic|20181015|44|46|59|245
afrinic|20181115|41|47|60|254
afrinic|20181215|36|39|63|252
afrinic|20190115|37|36|57|277
afrinic|20190215|39|35|60|267
afrinic|20190315|39|35|59|285
afrinic|20190415|39|38|64|253
afrinic|20190515|37|31|62|267
afrinic|20190615|30|30|61|291
afrinic|20190715|36|35|55|281
afrinic|20190815|35|29|59|280
afrinic|20190915|38|27|54|274
afrinic|20191015|40|32|66|272
afrinic|20191115|31|41|73|297
afrinic|20191215|25|38|72|286
afrinic|20200115|27|37|59|294
afrinic|20200215|32|32|58|293
afrinic|20200315|39|32|66|289
afrinic|20200415|37|36|81|289
afrinic|20200515|41|31|69|298
afrinic|20200615|43|36|71|294
afrinic|20200715|39|40|68|288
afrinic|20200815|38|46|69|296
afrinic|20200915|36|42|67|302
afrinic|20201015|37|42|76|325
afrinic|20201115|40|48|68|312
afrinic|20201215|35|49|67|307
afrinic|20210115|41|42|61|310
afrinic|20210215|37|50|67|308
afrinic|20210315|33|48|78|307
afrinic|20210415|38|48|73|306
afrinic|20210515|35|56|82|300
afrinic|20210615|30|49|82|322
afrinic|20210715|31|51|77|326
afrinic|20210815|32|40|79|345
afrinic|20210915|35|42|83|332
afrinic|20211015|38|44|86|344
afrinic|20211115|44|39|81|337
afrinic|20211215|44|44|84|357
afrinic|20220115|43|53|69|360
afrinic|20220215|38|52|73|360
afrinic|20220315|42|52|81|349
afrinic|20220415|47|54|77|365
afrinic|20220515|44|51|77|329
afrinic|20220615|38|56|79|369
afrinic|20220715|46|53|77|358
afrinic|20220815|45|48|83|369
afrinic|20220915|50|58|77|362
afrinic|20221015|45|60|78|361
afrinic|20221115|49|59|78|361
afrinic|20221215|51|60|79|366
afrinic|20230115|51|63|75|370
afrinic|20230215|48|57|79|370
afrinic|20230315|48|47|80|373
afrinic|20230415|53|47|73|382
afrinic|20230515|50|49|80|373
afrinic|20230615|47|50|75|388
afrinic|20230715|46|44|78|393
afrinic|20230815|47|52|77|389
afrinic|20230915|42|47|76|398
afrinic|20231015|42|49|88|401
afrinic|20231115|54|52|69|400
afrinic|20231215|50|67|75|380
afrinic|20240115|59|56|81|379
afrinic|20240215|54|55|75|375
afrinic|20240315|54|50|74|375
afrinic|20240415|58|60|92|384
afrinic|20240515|54|52|86|381
afrinic|20240615|57|48|91|383
apnic|20140615|198|193|313|1175
apnic|20140715|205|191|305|1216
apnic|20140815|202|172|313|1230
apnic|20140915|198|170|318|1269
apnic|20141015|205|179|317|1258
apnic|20141115|208|191|324|1253
apnic|20141215|201|183|330|1271
apnic|20150115|202|197|318|1331
apnic|20150215|198|195|307|1338
apnic|20150315|209|190|352|1305
apnic|20150415|211|214|328|1325
apnic|20150515|212|212|322|1314
apnic|20150615|223|203|322|1296
apnic|20150715|215|204|329|1286
apnic|20150815|213|202|339|1320
apnic|20150915|216|183|326|1344
apnic|20151015|219|194|345|1329
apnic|20151115|230|194|357|1386
apnic|20151215|219|211|352|1412
apnic|20160115|218|194|384|1427
apnic|20160215|220|216|348|1420
apnic|20160315|213|203|357|1455
apnic|20160415|215|213|353|1491
apnic|20160515|215|220|377|1503
apnic|20160615|208|219|386|1560
apnic|20160715|212|231|376|1553
apnic|20160815|214|205|373|1582
apnic|20160915|214|210|369|1577
apnic|20161015|211|220|350|1576
apnic|20161115|210|222|348|1621
apnic|20161215|222|208|362|1598
apnic|20170115|225|220|375|1594
apnic|20170215|216|219|384|1635
apnic|20170315|227|207|409|1700
apnic|20170415|211|212|415|1705
apnic|20170515|214|217|413|1697
apnic|20170615|222|225|416|1694
apnic|20170715|221|213|406|1690
apnic|20170815|224|212|414|1709
apnic|20170915|217|203|435|1769
apnic|20171015|220|228|420|1800
apnic|20171115|232|234|427|1805
apnic|20171215|235|263|427|1771
apnic|20180115|245|263|429|1741
apnic|20180215|246|236|440|1778
apnic|20180315|245|247|439|1878
apnic|20180415|217|238|477|2023
apnic|20180515|248|251|471|1940
apnic|20180615|224|253|476|2005
apnic|20180715|245|274|498|1940
apnic|20180815|260|279|487|1972
apnic|20180915|256|270|473|1983
apnic|20181015|254|257|455|2025
apnic|20181115|242|254|456|2045
apnic|20181215|246|268|442|2069
apnic|20190115|249|258|448|2091
apnic|20190215|248|247|459|2110
apnic|20190315|248|265|477|2150
apnic|20190415|274|257|498|2043
apnic|20190515|279|273|473|2129
apnic|20190615|268|259|470|2141
apnic|20190715|256|273|480|2173
apnic|20190815|264|288|499|2208
apnic|20190915|271|281|479|2231
apnic|20191015|272|276|521|2156
apnic|20191115|261|304|515|2198
apnic|20191215|277|284|510|2213
apnic|20200115|278|272|522|2241
apnic|20200215|276|265|522|2278
apnic|20200315|272|271|530|2302
apnic|20200415|260|292|518|2303
apnic|20200515|250|280|515|2300
apnic|20200615|251|268|545|2308
apnic|20200715|253|278|560|2357
apnic|20200815|257|272|574|2381
apnic|20200915|265|280|575|2393
apnic|20201015|268|279|575|2457
apnic|20201115|262|267|586|2430
apnic|20201215|267|265|601|2458
apnic|20210115|271|270|634|2375
apnic|20210215|275|273|623|2400
apnic|20210315|285|281|625|2395
apnic|20210415|284|293|650|2429
apnic|20210515|285|266|660|2426
apnic|20210615|280|282|656|2419
apnic|20210715|281|279|664|2462
apnic|20210815|304|316|666|2485
apnic|20210915|317|307|676|2533
apnic|20211015|283|312|662|2557
apnic|20211115|283|303|646|2570
apnic|20211215|288|299|629|2571
apnic|20220115|290|307|672|2588
apnic|20220215|292|290|692|2638
apnic|20220315|283|285|700|2637
apnic|20220415|286|308|671|2663
apnic|20220515|293|315|683|2643
apnic|20220615|306|309|704|2653
apnic|20220715|313|303|753|2683
apnic|20220815|306|292|751|2681
apnic|20220915|303|317|748|2691
apnic|20221015|264|311|732|2755
apnic|20221115|257|303|706|2777
apnic|20221215|279|307|692|2804
apnic|20230115|294|306|710|2781
apnic|20230215|287|304|718|2785
apnic|20230315|279|311|693|2820
apnic|20230415|284|297|740|2821
apnic|20230515|302|291|708|2826
apnic|20230615|285|316|686|2833
apnic|20230715|265|304|715|2874
apnic|20230815|258|293|803|3033
apnic|20230915|280|292|812|3018
apnic|20231015|270|285|807|3020
apnic|20231115|275|313|794|2949
apnic|20231215|266|310|768|2962
apnic|20240115|258|310|765|2972
apnic|20240215|267|304|743|2968
apnic|20240315|270|294|761|2994
apnic|20240415|325|313|789|3007
apnic|20240515|294|293|770|3053
apnic|20240615|311|310|763|3027
arin|20140615|611|402|712|3178
arin|20140715|626|410|713|3224
arin|20140815|627|393|721|3289
arin|20140915|631|394|707|3319
arin|20141015|622|400|717|3306
arin|20141115|615|400|718|3321
arin|20141215|626|411|737|3347
arin|20150115|644|417|722|3349
arin|20150215|651|409|727|3404
arin|20150315|642|414|714|3448
arin|20150415|656|403|727|3464
arin|20150515|644|411|720|3447
arin|20150615|646|405|739|3492
arin|20150715|677|413|753|3491
arin|20150815|663|433|743|3499
arin|20150915|668|434|726|3517
arin|20151015|647|401|724|3557
arin|20151115|638|423|737|3565
arin|20151215|644|427|721|3557
arin|20160115|644|410|730|3572
arin|20160215|642|411|735|3613
arin|20160315|629|406|736|3658
arin|20160415|644|403|734|3685
arin|20160515|632|403|741|3708
arin|20160615|620|403|736|3726
arin|20160715|634|407|739|3718
arin|20160815|635|409|755|3720
arin|20160915|632|418|775|3728
arin|20161015|671|445|772|3605
arin|20161115|662|453|759|3610
arin|20161215|694|438|751|3652
arin|20170115|689|442|749|3647
arin|20170215|674|452|739|3684
arin|20170315|687|454|751|3706
arin|20170415|676|440|763|3734
arin|20170515|677|452|781|3744
arin|20170615|665|467|764|3750
arin|20170715|672|458|775|3751
arin|20170815|667|471|797|3768
arin|20170915|662|445|806|3827
arin|20171015|668|439|772|3802
arin|20171115|672|447|793|3815
arin|20171215|666|458|774|3809
arin|20180115|673|451|772|3812
arin|20180215|687|440|785|3812
arin|20180315|668|424|789|3830
arin|20180415|653|428|799|3910
arin|20180515|673|432|780|3904
arin|20180615|660|435|779|3938
arin|20180715|675|436|782|3896
arin|20180815|672|421|796|3902
arin|20180915|647|435|776|3919
arin|20181015|632|425|763|3970
arin|20181115|663|422|777|3950
arin|20181215|638|434|769|3970
arin|20190115|636|437|758|3960
arin|20190215|626|423|752|3955
arin|20190315|628|415|764|3979
arin|20190415|642|416|748|3969
arin|20190515|635|420|750|3989
arin|20190615|624|416|767|3999
arin|20190715|620|433|747|3979
arin|20190815|624|418|729|4011
arin|20190915|642|425|740|4034
arin|20191015|579|442|779|4113
arin|20191115|595|449|792|4147
arin|20191215|640|451|733|4048
arin|20200115|646|443|741|4056
arin|20200215|654|441|743|4041
arin|20200315|641|462|743|4088
arin|20200415|633|448|759|4080
arin|20200515|642|457|750|4112
arin|20200615|649|443|760|4133
arin|20200715|647|454|777|4093
arin|20200815|673|438|768|4143
arin|20200915|688|448|761|4095
arin|20201015|691|451|774|4097
arin|20201115|669|448|772|4125
arin|20201215|652|447|767|4145
arin|20210115|665|423|776|4096
arin|20210215|657|442|788|4086
arin|20210315|650|429|792|4118
arin|20210415|643|444|813|4156
arin|20210515|673|424|787|4114
arin|20210615|668|426|771|4133
arin|20210715|654|445|778|4106
arin|20210815|645|430|793|4090
arin|20210915|650|452|824|4089
arin|20211015|625|466|838|4148
arin|20211115|634|449|786|4207
arin|20211215|612|459|806|4203
arin|20220115|627|453|828|4205
arin|20220215|641|463|827|4216
arin|20220315|677|461|812|4120
arin|20220415|645|452|821|4137
arin|20220515|612|457|806|4216
arin|20220615|617|474|814|4183
arin|20220715|619|468|825|4212
arin|20220815|606|491|834|4239
arin|20220915|628|477|856|4218
arin|20221015|629|483|820|4180
arin|20221115|615|472|807|4130
arin|20221215|622|456|784|4142
arin|20230115|600|459|793|4151
arin|20230215|620|458|785|4140
arin|20230315|609|455|785|4179
arin|20230415|606|447|807|4186
arin|20230515|606|462|801|4234
arin|20230615|610|461|802|4169
arin|20230715|610|459|787|4123
arin|20230815|534|437|863|4504
arin|20230915|540|441|856|4519
arin|20231015|544|442|853|4517
arin|20231115|522|442|850|4503
arin|20231215|534|423|828|4515
arin|20240115|547|419|821|4517
arin|20240215|631|442|743|4168
arin|20240315|563|427|842|4512
arin|20240415|575|420|836|4514
arin|20240515|512|412|823|4715
arin|20240615|503|413|826|4734
internet|20140615|1490|1040|1730|7353
internet|20140715|1514|1053|1724|7523
internet|20140815|1535|1012|1740|7618
internet|20140915|1549|1020|1755|7699
internet|20141015|1555|1022|1783|7721
internet|20141115|1557|1055|1817|7785
internet|20141215|1543|1067|1821|7841
internet|20150115|1572|1110|1789|7968
internet|20150215|1588|1099|1800|8008
internet|20150315|1610|1098|1846|8068
internet|20150415|1547|1109|1836|8135
internet|20150515|1542|1133|1841|8128
internet|20150615|1580|1118|1870|8155
internet|20150715|1593|1127|1876|8157
internet|20150815|1552|1165|1906|8264
internet|20150915|1602|1154|1893|8281
internet|20151015|1562|1142|1946|8343
internet|20151115|1597|1158|1963|8464
internet|20151215|1625|1180|1958|8493
internet|20160115|1624|1153|1985|8652
internet|20160215|1600|1185|1997|8852
internet|20160315|1597|1166|2015|9013
internet|20160415|1641|1175|1988|8976
internet|20160515|1631|1197|2017|9035
internet|20160615|1581|1194|2050|9163
internet|20160715|1662|1230|2043|9057
internet|20160815|1666|1221|2085|9204
internet|20160915|1682|1253|2070|9246
internet|20161015|1716|1286|2044|9118
internet|20161115|1705|1302|2055|9197
internet|20161215|1749|1290|2087|9199
internet|20170115|1723|1292|2107|9204
internet|20170215|1748|1329|2112|9361
internet|20170315|1768|1347|2157|9495
internet|20170415|1745|1287|2162|9568
internet|20170515|1732|1336|2291|9696
internet|20170615|1767|1337|2237|9619
internet|20170715|1744|1303|2225|9714
internet|20170815|1788|1338|2278|9756
internet|20170915|1766|1263|2303|9940
internet|20171015|1779|1345|2267|10027
internet|20171115|1782|1400|2306|10068
internet|20171215|1803|1410|2298|10019
internet|20180115|1818|1394|2252|9999
internet|20180215|1815|1394|2305|10051
internet|20180315|1802|1402|2330|10311
internet|20180415|1714|1386|2417|10885
internet|20180515|1784|1411|2381|10671
internet|20180615|1742|1396|2472|10864
internet|20180715|1780|1454|2445|10584
internet|20180815|1789|1459|2494|10657
internet|20180915|1765|1477|2437|10794
internet|20181015|1763|1489|2393|10919
internet|20181115|1821|1463|2453|11010
internet|20181215|1802|1499|2395|11057
internet|20190115|1827|1470|2433|11032
internet|20190215|1795|1449|2442|11145
internet|20190315|1798|1522|2486|11302
internet|20190415|1850|1476|2425|11002
internet|20190515|1880|1445|2464|11240
internet|20190615|1859|1441|2423|11372
internet|20190715|1859|1477|2430|11370
internet|20190815|1795|1459|2463|11478
internet|20190915|1881|1454|2464|11572
internet|20191015|1831|1562|2634|11677
internet|20191115|1785|1590|2652|11906
internet|20191215|1888|1563|2491|11705
internet|20200115|1846|1564|2559|11854
internet|20200215|1864|1555|2557|11841
internet|20200315|1852|1609|2651|12120
internet|20200415|1792|1615|2720|12182
internet|20200515|1795|1578|2697|12398
internet|20200615|1816|1580|2692|12248
internet|20200715|1834|1614|2689|12307
internet|20200815|1888|1581|2686|12439
internet|20200915|1866|1603|2715|12520
internet|20201015|1856|1597|2691|12760
internet|20201115|1833|1578|2678|12749
internet|20201215|1818|1632|2703|12851
internet|20210115|1877|1577|2779|12700
internet|20210215|1848|1618|2841|12680
internet|20210315|1897|1627|2884|12752
internet|20210415|1901|1669|2890|12880
internet|20210515|1914|1594|2849|12876
internet|20210615|1924|1591|2856|12943
internet|20210715|1912|1650|2878|12889
internet|20210815|1904|1656|2862|13036
internet|20210915|1942|1667|2889|13169
internet|20211015|1857|1777|3066|13418
internet|20211115|1873|1723|2848|13447
internet|20211215|1838|1663|2844|13475
internet|20220115|1882|1701|2910|13553
internet|20220215|1882|1734|2920|13597
internet|20220315|1893|1698|2940|13530
internet|20220415|1888|1675|2866|13565
internet|20220515|1818|1683|2916|13701
internet|20220615|1797|1713|2930|13815
internet|20220715|1842|1693|3036|13940
internet|20220815|1825|1684|3018|13913
internet|20220915|1861|1701|3073|14007
internet|20221015|1800|1704|2974|14044
internet|20221115|1747|1687|2894|14057
internet|20221215|1828|1652|2831|14055
internet|20230115|1807|1677|2882|14043
internet|20230215|1855|1704|2927|13885
internet|20230315|1836|1670|2902|13978
internet|20230415|1818|1624|2987|14128
internet|20230515|1811|1638|2931|14183
internet|20230615|1843|1686|2915|14090
internet|20230715|1821|1644|2916|14150
internet|20230815|1718|1653|3107|14786
internet|20230915|1759|1637|3153|14805
internet|20231015|1760|1652|3148|14815
internet|20231115|1752|1640|3104|14773
internet|20231215|1747|1619|3028|14766
internet|20240115|1768|1624|3006|14843
internet|20240215|1868|1643|2890|14366
internet|20240315|1770|1637|3032|14839
internet|20240415|1849|1656|3070|14912
internet|20240515|1722|1613|3042|15204
internet|20240615|1698|1600|3052|15356
lacnic|20140615|87|115|161|656
lacnic|20140715|98|122|161|660
lacnic|20140815|103|108|173|645
lacnic|20140915|108|122|188|644
lacnic|20141015|111|115|195|682
lacnic|20141115|116|124|190|703
lacnic|20141215|132|136|203|698
lacnic|20150115|120|144|192|718
lacnic|20150215|137|148|198|733
lacnic|20150315|131|145|208|729
lacnic|20150415|129|149|200|756
lacnic|20150515|128|153|211|774
lacnic|20150615|113|163|216|776
lacnic|20150715|123|146|223|794
lacnic|20150815|106|164|236|824
lacnic|20150915|118|161|245|821
lacnic|20151015|113|173|251|826
lacnic|20151115|130|184|239|847
lacnic|20151215|147|168|253|840
lacnic|20160115|123|172|239|940
lacnic|20160215|112|168|272|1035
lacnic|20160315|126|180|275|1061
lacnic|20160415|139|178|268|934
lacnic|20160515|143|187|276|929
lacnic|20160615|136|184|279|953
lacnic|20160715|147|195|295|942
lacnic|20160815|146|206|298|963
lacnic|20160915|151|217|279|999
lacnic|20161015|156|210|297|1002
lacnic|20161115|152|217|304|995
lacnic|20161215|150|215|314|999
lacnic|20170115|142|212|328|1015
lacnic|20170215|173|217|341|1041
lacnic|20170315|163|234|326|1063
lacnic|20170415|169|216|313|1050
lacnic|20170515|152|241|407|1163
lacnic|20170615|170|204|377|1049
lacnic|20170715|162|210|371|1095
lacnic|20170815|161|221|381|1086
lacnic|20170915|174|206|366|1125
lacnic|20171015|176|232|383|1132
lacnic|20171115|172|244|376|1158
lacnic|20171215|171|234|371|1167
lacnic|20180115|180|220|346|1176
lacnic|20180215|169|232|367|1173
lacnic|20180315|174|242|376|1245
lacnic|20180415|164|232|361|1336
lacnic|20180515|154|229|368|1316
lacnic|20180615|160|218|400|1305
lacnic|20180715|164|244|396|1251
lacnic|20180815|154|250|396|1260
lacnic|20180915|185|250|406|1293
lacnic|20181015|182|272|405|1323
lacnic|20181115|186|256|434|1344
lacnic|20181215|186|271|398|1306
lacnic|20190115|185|245|423|1280
lacnic|20190215|185|245|434|1346
lacnic|20190315|183|313|434|1412
lacnic|20190415|168|244|377|1365
lacnic|20190515|173|228|423|1361
lacnic|20190615|185|240|371|1362
lacnic|20190715|170|244|391|1378
lacnic|20190815|167|239|404|1416
lacnic|20190915|157|223|421|1415
lacnic|20191015|162|241|416|1460
lacnic|20191115|161|266|438|1507
lacnic|20191215|173|258|398|1479
lacnic|20200115|167|272|429|1474
lacnic|20200215|161|281|417|1487
lacnic|20200315|157|302|493|1580
lacnic|20200415|148|300|536|1633
lacnic|20200515|148|281|539|1752
lacnic|20200615|166|294|513|1638
lacnic|20200715|155|316|488|1661
lacnic|20200815|176|304|473|1714
lacnic|20200915|163|301|529|1763
lacnic|20201015|142|267|497|1822
lacnic|20201115|139|290|497|1804
lacnic|20201215|147|299|496|1797
lacnic|20210115|145|285|524|1818
lacnic|20210215|140|296|563|1808
lacnic|20210315|154|312|562|1844
lacnic|20210415|150|328|550|1898
lacnic|20210515|163|292|526|1906
lacnic|20210615|161|299|535|1916
lacnic|20210715|170|318|549|1900
lacnic|20210815|152|318|519|1981
lacnic|20210915|166|338|532|2015
lacnic|20211015|178|339|554|2050
lacnic|20211115|169|347|547|2076
lacnic|20211215|167|337|557|2099
lacnic|20220115|171|325|543|2135
lacnic|20220215|173|345|517|2150
lacnic|20220315|171|322|515|2155
lacnic|20220415|189|294|516|2140
lacnic|20220515|180|316|521|2156
lacnic|20220615|169|338|518|2136
lacnic|20220715|171|313|546|2206
lacnic|20220815|190|317|532|2215
lacnic|20220915|180|306|562|2301
lacnic|20221015|176|312|517|2296
lacnic|20221115|182|343|503|2270
lacnic|20221215|195|312|511|2294
lacnic|20230115|190|312|513|2272
lacnic|20230215|186|327|535|2283
lacnic|20230315|191|322|524|2271
lacnic|20230415|177|307|524|2330
lacnic|20230515|162|305|511|2349
lacnic|20230615|187|298|522|2390
lacnic|20230715|187|309|542|2410
lacnic|20230815|177|328|505|2445
lacnic|20230915|167|330|548|2454
lacnic|20231015|178|344|536|2444
lacnic|20231115|178|304|521|2438
lacnic|20231215|189|306|514|2471
lacnic|20240115|172|328|481|2521
lacnic|20240215|172|326|497|2494
lacnic|20240315|159|342|499|2493
lacnic|20240415|164|324|511|2520
lacnic|20240515|168|308|529|2506
lacnic|20240615|160|293|518|2576
ripencc|20140615|568|308|504|2193
ripencc|20140715|557|310|506|2267
ripencc|20140815|574|319|490|2300
ripencc|20140915|582|317|505|2304
ripencc|20141015|592|310|517|2320
ripencc|20141115|588|322|545|2353
ripencc|20141215|562|323|513|2379
ripencc|20150115|578|335|518|2424
ripencc|20150215|571|327|534|2390
ripencc|20150315|600|326|534|2433
ripencc|20150415|521|317|543|2436
ripencc|20150515|537|331|555|2439
ripencc|20150615|579|313|560|2428
ripencc|20150715|558|333|545|2428
ripencc|20150815|551|336|554|2456
ripencc|20150915|576|346|560|2434
ripencc|20151015|556|347|590|2461
ripencc|20151115|574|334|591|2492
ripencc|20151215|591|352|592|2509
ripencc|20160115|613|359|593|2530
ripencc|20160215|603|374|601|2599
ripencc|20160315|604|359|605|2657
ripencc|20160415|617|359|590|2681
ripencc|20160515|618|369|580|2708
ripencc|20160615|592|368|607|2744
ripencc|20160715|641|375|594|2657
ripencc|20160815|637|371|614|2726
ripencc|20160915|654|377|599|2730
ripencc|20161015|641|381|583|2727
ripencc|20161115|645|380|596|2759
ripencc|20161215|647|394|607|2741
ripencc|20170115|635|386|603|2734
ripencc|20170215|654|404|603|2785
ripencc|20170315|665|414|617|2803
ripencc|20170415|660|385|630|2845
ripencc|20170515|654|391|640|2868
ripencc|20170615|673|402|624|2889
ripencc|20170715|655|393|618|2930
ripencc|20170815|695|393|632|2960
ripencc|20170915|674|374|642|2971
ripencc|20171015|668|408|651|3037
ripencc|20171115|660|438|658|3050
ripencc|20171215|686|421|667|3051
ripencc|20180115|671|425|657|3050
ripencc|20180215|665|451|659|3069
ripencc|20180315|661|451|661|3144
ripencc|20180415|642|455|720|3336
ripencc|20180515|669|460|705|3264
ripencc|20180615|662|455|753|3342
ripencc|20180715|655|456|704|3229
ripencc|20180815|664|466|751|3263
ripencc|20180915|637|477|718|3343
ripencc|20181015|651|489|711|3356
ripencc|20181115|689|484|726|3417
ripencc|20181215|696|487|723|3460
ripencc|20190115|720|494|747|3424
ripencc|20190215|697|499|737|3467
ripencc|20190315|700|494|752|3476
ripencc|20190415|727|521|738|3372
ripencc|20190515|756|493|756|3494
ripencc|20190615|752|496|754|3579
ripencc|20190715|777|492|757|3559
ripencc|20190815|705|485|772|3563
ripencc|20190915|773|498|770|3618
ripencc|20191015|778|571|852|3676
ripencc|20191115|737|530|834|3757
ripencc|20191215|773|532|778|3679
ripencc|20200115|728|540|808|3789
ripencc|20200215|741|536|817|3742
ripencc|20200315|743|542|819|3861
ripencc|20200415|714|539|826|3877
ripencc|20200515|714|529|824|3936
ripencc|20200615|707|539|803|3875
ripencc|20200715|740|526|796|3908
ripencc|20200815|744|521|802|3905
ripencc|20200915|714|532|783|3967
ripencc|20201015|718|558|769|4059
ripencc|20201115|723|525|755|4078
ripencc|20201215|717|572|772|4144
ripencc|20210115|755|557|784|4101
ripencc|20210215|739|557|800|4078
ripencc|20210315|775|557|827|4088
ripencc|20210415|786|556|804|4091
ripencc|20210515|758|556|794|4130
ripencc|20210615|785|535|812|4153
ripencc|20210715|776|557|810|4095
ripencc|20210815|771|552|805|4135
ripencc|20210915|774|528|774|4200
ripencc|20211015|733|616|926|4319
ripencc|20211115|743|585|788|4257
ripencc|20211215|727|524|768|4245
ripencc|20220115|751|563|798|4265
ripencc|20220215|738|584|811|4233
ripencc|20220315|720|578|832|4269
ripencc|20220415|721|567|781|4260
ripencc|20220515|689|544|829|4357
ripencc|20220615|667|536|815|4474
ripencc|20220715|693|556|835|4481
ripencc|20220815|678|536|818|4409
ripencc|20220915|700|543|830|4435
ripencc|20221015|686|538|827|4452
ripencc|20221115|644|510|800|4519
ripencc|20221215|681|517|765|4449
ripencc|20230115|672|537|791|4469
ripencc|20230215|714|558|810|4307
ripencc|20230315|709|535|820|4335
ripencc|20230415|698|526|843|4409
ripencc|20230515|691|531|831|4401
ripencc|20230615|714|561|830|4310
ripencc|20230715|713|528|794|4350
ripencc|20230815|702|543|859|4415
ripencc|20230915|730|527|861|4416
ripencc|20231015|726|532|864|4433
ripencc|20231115|723|529|870|4483
ripencc|20231215|708|513|843|4438
ripencc|20240115|732|511|858|4454
ripencc|20240215|744|516|832|4361
ripencc|20240315|724|524|856|4465
ripencc|20240415|727|539|842|4487
ripencc|20240515|694|548|834|4549
ripencc|20240615|667|536|854|4636
