#region|date|total_ases|use_selective
afrinic|20140615|112|8
afrinic|20140715|114|9
afrinic|20140815|118|7
afrinic|20140915|119|9
afrinic|20141015|119|9
afrinic|20141115|120|9
afrinic|20141215|118|9
afrinic|20150115|120|10
afrinic|20150215|123|10
afrinic|20150315|125|9
afrinic|20150415|126|10
afrinic|20150515|125|10
afrinic|20150615|125|11
afrinic|20150715|131|12
afrinic|20150815|132|8
afrinic|20150915|129|9
afrinic|20151015|132|11
afrinic|20151115|131|12
afrinic|20151215|133|12
afrinic|20160115|136|9
afrinic|20160215|142|13
afrinic|20160315|139|15
afrinic|20160415|149|15
afrinic|20160515|141|15
afrinic|20160615|145|16
afrinic|20160715|155|17
afrinic|20160815|161|16
afrinic|20160915|170|14
afrinic|20161015|176|20
afrinic|20161115|184|22
afrinic|20161215|187|19
afrinic|20170115|184|18
afrinic|20170215|188|20
afrinic|20170315|191|22
afrinic|20170415|187|20
afrinic|20170515|190|26
afrinic|20170615|194|26
afrinic|20170715|192|25
afrinic|20170815|202|27
afrinic|20170915|207|31
afrinic|20171015|211|28
afrinic|20171115|223|30
afrinic|20171215|225|30
afrinic|20180115|225|30
afrinic|20180215|228|32
afrinic|20180315|229|39
afrinic|20180415|228|41
afrinic|20180515|227|39
afrinic|20180615|235|40
afrinic|20180715|241|40
afrinic|20180815|252|37
afrinic|20180915|265|40
afrinic|20181015|265|43
afrinic|20181115|271|42
afrinic|20181215|279|44
afrinic|20190115|275|47
afrinic|20190215|276|48
afrinic|20190315|279|47
afrinic|20190415|282|47
afrinic|20190515|285|47
afrinic|20190615|290|49
afrinic|20190715|294|51
afrinic|20190815|305|48
afrinic|20190915|305|46
afrinic|20191015|312|50
afrinic|20191115|314|54
afrinic|20191215|321|54
afrinic|20200115|326|56
afrinic|20200215|321|57
afrinic|20200315|324|53
afrinic|20200415|333|56
afrinic|20200515|337|58
afrinic|20200615|324|58
afrinic|20200715|342|60
afrinic|20200815|346|59
afrinic|20200915|352|60
afrinic|20201015|336|60
afrinic|20201115|340|59
afrinic|20201215|357|58
afrinic|20210115|392|67
afrinic|20210215|436|69
afrinic|20210315|445|69
afrinic|20210415|451|72
afrinic|20210515|457|73
afrinic|20210615|471|78
afrinic|20210715|466|82
afrinic|20210815|467|82
afrinic|20210915|474|81
afrinic|20211015|468|83
afrinic|20211115|485|84
afrinic|20211215|493|87
afrinic|20220115|487|90
afrinic|20220215|490|92
afrinic|20220315|490|82
afrinic|20220415|485|90
afrinic|20220515|491|81
afrinic|20220615|493|91
afrinic|20220715|498|93
afrinic|20220815|513|98
afrinic|20220915|496|99
afrinic|20221015|498|99
afrinic|20221115|500|99
afrinic|20221215|514|99
afrinic|20230115|524|98
afrinic|20230215|544|97
afrinic|20230315|552|98
afrinic|20230415|549|89
afrinic|20230515|545|96
afrinic|20230615|537|95
afrinic|20230715|544|99
afrinic|20230815|544|99
afrinic|20230915|560|99
afrinic|20231015|560|101
afrinic|20231115|559|106
afrinic|20231215|555|105
afrinic|20240115|557|106
afrinic|20240215|563|109
afrinic|20240315|543|103
afrinic|20240415|569|110
afrinic|20240515|576|110
afrinic|20240615|566|113
arin|20140615|2159|386
arin|20140715|2186|392
arin|20140815|2210|398
arin|20140915|2223|404
arin|20141015|2244|417
arin|20141115|2270|425
arin|20141215|2282|426
arin|20150115|2325|442
arin|20150215|2328|447
arin|20150315|2358|453
arin|20150415|2353|453
arin|20150515|2384|459
arin|20150615|2435|484
arin|20150715|2454|495
arin|20150815|2483|500
arin|20150915|2501|496
arin|20151015|2534|499
arin|20151115|2555|508
arin|20151215|2587|504
arin|20160115|2610|507
arin|20160215|2641|529
arin|20160315|2693|532
arin|20160415|2721|536
arin|20160515|2741|541
arin|20160615|2766|546
arin|20160715|2787|541
arin|20160815|2803|548
arin|20160915|2814|556
arin|20161015|2839|573
arin|20161115|2864|603
arin|20161215|2882|615
arin|20170115|2878|611
arin|20170215|2914|618
arin|20170315|2935|623
arin|20170415|2955|642
arin|20170515|2990|643
arin|20170615|3006|650
arin|20170715|3061|666
arin|20170815|3108|670
arin|20170915|3137|664
arin|20171015|3166|661
arin|20171115|3209|690
arin|20171215|3215|686
arin|20180115|3241|702
arin|20180215|3247|710
arin|20180315|3231|724
arin|20180415|3253|729
arin|20180515|3279|734
arin|20180615|3308|746
arin|20180715|3357|771
arin|20180815|3337|756
arin|20180915|3350|759
arin|20181015|3388|752
arin|20181115|3372|752
arin|20181215|3405|756
arin|20190115|3398|762
arin|20190215|3425|761
arin|20190315|3438|779
arin|20190415|3459|776
arin|20190515|3482|800
arin|20190615|3504|801
arin|20190715|3531|790
arin|20190815|3546|797
arin|20190915|3564|799
arin|20191015|3596|803
arin|20191115|3601|802
arin|20191215|3613|817
arin|20200115|3652|818
arin|20200215|3671|810
arin|20200315|3690|831
arin|20200415|3697|831
arin|20200515|3715|843
arin|20200615|3707|836
arin|20200715|3745|851
arin|20200815|3745|858
arin|20200915|3789|883
arin|20201015|3786|875
arin|20201115|3817|882
arin|20201215|3824|887
arin|20210115|3831|881
arin|20210215|3859|889
arin|20210315|3871|900
arin|20210415|3884|905
arin|20210515|3917|915
arin|20210615|3965|926
arin|20210715|3956|916
arin|20210815|3973|921
arin|20210915|4012|932
arin|20211015|4012|927
arin|20211115|4023|935
arin|20211215|4032|931
arin|20220115|4042|937
arin|20220215|4078|955
arin|20220315|4103|955
arin|20220415|4143|948
arin|20220515|4152|955
arin|20220615|4170|963
arin|20220715|4230|981
arin|20220815|4272|994
arin|20220915|4293|989
arin|20221015|4289|983
arin|20221115|4321|984
arin|20221215|4345|986
arin|20230115|4368|990
arin|20230215|4393|1014
arin|20230315|4454|1030
arin|20230415|4446|1039
arin|20230515|4470|1040
arin|20230615|4485|1047
arin|20230715|4510|1027
arin|20230815|4538|1043
arin|20230915|4588|1070
arin|20231015|4570|1074
arin|20231115|4567|1059
arin|20231215|4579|1064
arin|20240115|4623|1060
arin|20240215|4675|1065
arin|20240315|4680|1074
arin|20240415|4703|1083
arin|20240515|4765|1105
arin|20240615|4783|1115
apnic|20140615|1244|167
apnic|20140715|1242|166
apnic|20140815|1266|169
apnic|20140915|1275|173
apnic|20141015|1286|176
apnic|20141115|1296|176
apnic|20141215|1309|182
apnic|20150115|1310|182
apnic|20150215|1319|183
apnic|20150315|1330|178
apnic|20150415|1345|186
apnic|20150515|1362|192
apnic|20150615|1361|192
apnic|20150715|1382|207
apnic|20150815|1385|201
apnic|20150915|1403|212
apnic|20151015|1421|228
apnic|20151115|1445|235
apnic|20151215|1460|231
apnic|20160115|1467|238
apnic|20160215|1486|241
apnic|20160315|1523|249
apnic|20160415|1534|260
apnic|20160515|1539|255
apnic|20160615|1557|266
apnic|20160715|1570|268
apnic|20160815|1582|272
apnic|20160915|1636|288
apnic|20161015|1664|296
apnic|20161115|1675|290
apnic|20161215|1715|300
apnic|20170115|1708|286
apnic|20170215|1734|288
apnic|20170315|1748|290
apnic|20170415|1754|290
apnic|20170515|1785|291
apnic|20170615|1825|299
apnic|20170715|1829|319
apnic|20170815|1843|320
apnic|20170915|1866|326
apnic|20171015|1866|327
apnic|20171115|1908|347
apnic|20171215|1929|351
apnic|20180115|1954|345
apnic|20180215|1996|354
apnic|20180315|2008|352
apnic|20180415|2028|367
apnic|20180515|2059|375
apnic|20180615|2093|385
apnic|20180715|2164|400
apnic|20180815|2197|399
apnic|20180915|2228|402
apnic|20181015|2256|402
apnic|20181115|2281|419
apnic|20181215|2332|431
apnic|20190115|2343|431
apnic|20190215|2360|441
apnic|20190315|2375|457
apnic|20190415|2411|467
apnic|20190515|2445|476
apnic|20190615|2464|475
apnic|20190715|2488|483
apnic|20190815|2503|493
apnic|20190915|2551|512
apnic|20191015|2567|518
apnic|20191115|2580|512
apnic|20191215|2607|515
apnic|20200115|2632|526
apnic|20200215|2652|530
apnic|20200315|2662|541
apnic|20200415|2712|559
apnic|20200515|2737|552
apnic|20200615|2757|555
apnic|20200715|2812|546
apnic|20200815|2813|541
apnic|20200915|2873|555
apnic|20201015|2886|553
apnic|20201115|2902|573
apnic|20201215|2948|568
apnic|20210115|2962|558
apnic|20210215|3026|568
apnic|20210315|3043|577
apnic|20210415|3084|593
apnic|20210515|3141|613
apnic|20210615|7373|660
apnic|20210715|7363|642
apnic|20210815|7459|687
apnic|20210915|7521|707
apnic|20211015|7549|697
apnic|20211115|7550|693
apnic|20211215|7620|705
apnic|20220115|7734|722
apnic|20220215|7757|730
apnic|20220315|7826|754
apnic|20220415|7821|748
apnic|20220515|7830|747
apnic|20220615|7862|766
apnic|20220715|7928|790
apnic|20220815|7991|783
apnic|20220915|8016|782
apnic|20221015|8045|795
apnic|20221115|8141|820
apnic|20221215|8220|793
apnic|20230115|8271|812
apnic|20230215|8356|836
apnic|20230315|8467|856
apnic|20230415|8463|852
apnic|20230515|8482|851
apnic|20230615|8524|852
apnic|20230715|8532|850
apnic|20230815|8656|899
apnic|20230915|8753|914
apnic|20231015|8760|918
apnic|20231115|8760|906
apnic|20231215|8738|900
apnic|20240115|8815|927
apnic|20240215|8856|918
apnic|20240315|8898|943
apnic|20240415|8938|951
apnic|20240515|8967|966
apnic|20240615|8985|961
lacnic|20140615|663|93
lacnic|20140715|681|95
lacnic|20140815|706|101
lacnic|20140915|741|103
lacnic|20141015|778|112
lacnic|20141115|821|118
lacnic|20141215|855|118
lacnic|20150115|857|116
lacnic|20150215|865|114
lacnic|20150315|903|117
lacnic|20150415|939|113
lacnic|20150515|974|117
lacnic|20150615|1036|123
lacnic|20150715|1067|126
lacnic|20150815|1112|125
lacnic|20150915|1160|129
lacnic|20151015|1219|136
lacnic|20151115|1280|139
lacnic|20151215|1371|146
lacnic|20160115|1414|159
lacnic|20160215|1469|180
lacnic|20160315|1499|186
lacnic|20160415|1550|193
lacnic|20160515|1580|198
lacnic|20160615|1638|214
lacnic|20160715|1724|213
lacnic|20160815|1755|217
lacnic|20160915|1791|214
lacnic|20161015|1807|228
lacnic|20161115|1843|232
lacnic|20161215|1908|244
lacnic|20170115|1939|244
lacnic|20170215|2053|247
lacnic|20170315|2105|263
lacnic|20170415|2139|265
lacnic|20170515|2190|286
lacnic|20170615|2229|309
lacnic|20170715|2279|320
lacnic|20170815|2353|319
lacnic|20170915|2388|327
lacnic|20171015|2438|333
lacnic|20171115|2603|369
lacnic|20171215|2591|379
lacnic|20180115|2609|384
lacnic|20180215|2668|399
lacnic|20180315|2720|406
lacnic|20180415|2765|427
lacnic|20180515|2825|434
lacnic|20180615|2926|443
lacnic|20180715|3044|476
lacnic|20180815|3048|480
lacnic|20180915|3071|484
lacnic|20181015|3127|541
lacnic|20181115|3205|515
lacnic|20181215|3307|551
lacnic|20190115|3361|572
lacnic|20190215|3414|579
lacnic|20190315|3433|585
lacnic|20190415|3478|572
lacnic|20190515|3594|593
lacnic|20190615|3673|628
lacnic|20190715|3798|654
lacnic|20190815|3865|685
lacnic|20190915|3949|717
lacnic|20191015|4073|748
lacnic|20191115|4142|784
lacnic|20191215|4227|806
lacnic|20200115|4337|825
lacnic|20200215|4427|847
lacnic|20200315|4509|898
lacnic|20200415|4722|890
lacnic|20200515|4860|927
lacnic|20200615|4902|969
lacnic|20200715|5130|1017
lacnic|20200815|5124|1029
lacnic|20200915|5407|1120
lacnic|20201015|5460|1118
lacnic|20201115|5563|1145
lacnic|20201215|5694|1175
lacnic|20210115|5804|1218
lacnic|20210215|5904|1240
lacnic|20210315|6021|1291
lacnic|20210415|6134|1336
lacnic|20210515|6242|1404
lacnic|20210615|6439|1506
lacnic|20210715|6425|1472
lacnic|20210815|6523|1503
lacnic|20210915|6652|1595
lacnic|20211015|6669|1636
lacnic|20211115|6724|1630
lacnic|20211215|6818|1671
lacnic|20220115|6837|1710
lacnic|20220215|6921|1753
lacnic|20220315|7049|1767
lacnic|20220415|7077|1756
lacnic|20220515|7123|1765
lacnic|20220615|7159|1794
lacnic|20220715|7235|1892
lacnic|20220815|7328|1908
lacnic|20220915|7406|1950
lacnic|20221015|7481|1961
lacnic|20221115|7560|2046
lacnic|20221215|7619|2078
lacnic|20230115|7644|2072
lacnic|20230215|7703|2146
lacnic|20230315|7815|2220
lacnic|20230415|7837|2199
lacnic|20230515|7905|2237
lacnic|20230615|7933|2208
lacnic|20230715|7974|2240
lacnic|20230815|8076|2295
lacnic|20230915|8227|2425
lacnic|20231015|8132|2315
lacnic|20231115|8148|2359
lacnic|20231215|8181|2383
lacnic|20240115|8237|2381
lacnic|20240215|8306|2389
lacnic|20240315|8338|2438
lacnic|20240415|8384|2444
lacnic|20240515|8452|2505
lacnic|20240615|8479|2507
ripencc|20140615|4275|441
ripencc|20140715|4313|455
ripencc|20140815|4363|465
ripencc|20140915|4409|485
ripencc|20141015|4453|483
ripencc|20141115|4519|491
ripencc|20141215|4591|499
ripencc|20150115|4641|504
ripencc|20150215|4710|504
ripencc|20150315|4746|508
ripencc|20150415|4804|506
ripencc|20150515|4852|514
ripencc|20150615|4928|539
ripencc|20150715|4961|554
ripencc|20150815|4984|563
ripencc|20150915|5047|567
ripencc|20151015|5144|576
ripencc|20151115|5194|587
ripencc|20151215|5252|602
ripencc|20160115|5292|610
ripencc|20160215|5376|639
ripencc|20160315|5466|638
ripencc|20160415|5518|650
ripencc|20160515|5583|676
ripencc|20160615|5652|684
ripencc|20160715|5685|676
ripencc|20160815|5737|689
ripencc|20160915|5804|709
ripencc|20161015|5847|741
ripencc|20161115|5899|757
ripencc|20161215|5949|756
ripencc|20170115|5989|758
ripencc|20170215|6061|777
ripencc|20170315|6129|796
ripencc|20170415|6203|796
ripencc|20170515|6255|793
ripencc|20170615|6311|821
ripencc|20170715|6344|820
ripencc|20170815|6391|817
ripencc|20170915|6419|835
ripencc|20171015|6440|843
ripencc|20171115|6567|907
ripencc|20171215|6556|905
ripencc|20180115|6605|916
ripencc|20180215|6648|928
ripencc|20180315|6703|963
ripencc|20180415|6759|975
ripencc|20180515|6793|989
ripencc|20180615|6884|988
ripencc|20180715|6999|1045
ripencc|20180815|6976|1017
ripencc|20180915|6983|1012
ripencc|20181015|7007|1012
ripencc|20181115|7061|1047
ripencc|20181215|7135|1110
ripencc|20190115|7150|1103
ripencc|20190215|7182|1118
ripencc|20190315|7237|1146
ripencc|20190415|7280|1168
ripencc|20190515|7360|1180
ripencc|20190615|7391|1209
ripencc|20190715|7453|1219
ripencc|20190815|7469|1229
ripencc|20190915|7544|1246
ripencc|20191015|7631|1276
ripencc|20191115|7680|1310
ripencc|20191215|7739|1317
ripencc|20200115|7811|1347
ripencc|20200215|7873|1340
ripencc|20200315|7922|1354
ripencc|20200415|8038|1339
ripencc|20200515|8110|1399
ripencc|20200615|8106|1409
ripencc|20200715|8282|1456
ripencc|20200815|8289|1431
ripencc|20200915|8375|1485
ripencc|20201015|8391|1462
ripencc|20201115|8449|1460
ripencc|20201215|8525|1488
ripencc|20210115|8559|1504
ripencc|20210215|8635|1539
ripencc|20210315|8709|1574
ripencc|20210415|8773|1575
ripencc|20210515|8857|1606
ripencc|20210615|8920|1618
ripencc|20210715|8964|1639
ripencc|20210815|9009|1659
ripencc|20210915|9053|1680
ripencc|20211015|9097|1701
ripencc|20211115|9141|1721
ripencc|20211215|9186|1742
ripencc|20220115|9230|1763
ripencc|20220215|9274|1783
ripencc|20220315|9318|1804
ripencc|20220415|9363|1825
ripencc|20220515|9407|1845
ripencc|20220615|9451|1866
ripencc|20220715|9495|1887
ripencc|20220815|9540|1907
ripencc|20220915|9584|1928
ripencc|20221015|9572|1910
ripencc|20221115|9637|1930
ripencc|20221215|9709|1948
ripencc|20230115|9766|1967
ripencc|20230215|9834|2006
ripencc|20230315|10022|2079
ripencc|20230415|10020|2072
ripencc|20230515|10067|2069
ripencc|20230615|10036|2020
ripencc|20230715|10089|1983
ripencc|20230815|10240|2071
ripencc|20230915|10369|2145
ripencc|20231015|10388|2111
ripencc|20231115|10417|2142
ripencc|20231215|10454|2143
ripencc|20240115|10494|2160
ripencc|20240215|10609|2206
ripencc|20240315|10699|2201
ripencc|20240415|10789|2232
ripencc|20240515|10828|2273
ripencc|20240615|10896|2292
internet|20140615|8453|1095
internet|20140715|8536|1117
internet|20140815|8663|1140
internet|20140915|8767|1174
internet|20141015|8880|1197
internet|20141115|9026|1219
internet|20141215|9155|1234
internet|20150115|9253|1254
internet|20150215|9345|1258
internet|20150315|9462|1265
internet|20150415|9567|1268
internet|20150515|9697|1292
internet|20150615|9885|1349
internet|20150715|9995|1394
internet|20150815|10096|1397
internet|20150915|10240|1413
internet|20151015|10450|1450
internet|20151115|10605|1481
internet|20151215|10803|1495
internet|20160115|10919|1523
internet|20160215|11114|1602
internet|20160315|11320|1620
internet|20160415|11472|1654
internet|20160515|11584|1685
internet|20160615|11758|1726
internet|20160715|11921|1715
internet|20160815|12038|1742
internet|20160915|12215|1781
internet|20161015|12333|1858
internet|20161115|12464|1904
internet|20161215|12640|1934
internet|20170115|12697|1917
internet|20170215|12949|1950
internet|20170315|13107|1994
internet|20170415|13237|2013
internet|20170515|13409|2039
internet|20170615|13564|2105
internet|20170715|13704|2150
internet|20170815|13896|2153
internet|20170915|14016|2183
internet|20171015|14120|2192
internet|20171115|14510|2343
internet|20171215|14516|2351
internet|20180115|14634|2377
internet|20180215|14787|2423
internet|20180315|14891|2484
internet|20180415|15033|2539
internet|20180515|15183|2571
internet|20180615|15446|2602
internet|20180715|15805|2732
internet|20180815|15810|2689
internet|20180915|15897|2697
internet|20181015|16043|2750
internet|20181115|16189|2775
internet|20181215|16458|2892
internet|20190115|16526|2915
internet|20190215|16656|2947
internet|20190315|16760|3014
internet|20190415|16907|3030
internet|20190515|17162|3096
internet|20190615|17319|3162
internet|20190715|17562|3197
internet|20190815|17684|3252
internet|20190915|17910|3320
internet|20191015|18177|3395
internet|20191115|18316|3462
internet|20191215|18505|3509
internet|20200115|18757|3572
internet|20200215|18942|3584
internet|20200315|19106|3677
internet|20200415|19500|3675
internet|20200515|19757|3779
internet|20200615|19794|3827
internet|20200715|20309|3930
internet|20200815|20315|3918
internet|20200915|20794|4103
internet|20201015|20857|4068
internet|20201115|21069|4119
internet|20201215|21346|4176
internet|20210115|21544|4228
internet|20210215|21856|4305
internet|20210315|22085|4411
internet|20210415|22323|4481
internet|20210515|22611|4611
internet|20210615|23140|4862
internet|20210715|23035|4730
internet|20210815|23243|4822
internet|20210915|23586|5007
internet|20211015|23615|5018
internet|20211115|23738|5016
internet|20211215|23934|5067
internet|20220115|24109|5193
internet|20220215|24310|5318
internet|20220315|24598|5341
internet|20220415|24688|5319
internet|20220515|24797|5343
internet|20220615|24950|5442
internet|20220715|25249|5635
internet|20220815|25555|5683
internet|20220915|25696|5748
internet|20221015|25785|5748
internet|20221115|26060|5879
internet|20221215|26307|5904
internet|20230115|26474|5939
internet|20230215|26731|6099
internet|20230315|27211|6283
internet|20230415|27215|6251
internet|20230515|27369|6293
internet|20230615|27415|6222
internet|20230715|27550|6199
internet|20230815|27955|6407
internet|20230915|28398|6653
internet|20231015|28311|6519
internet|20231115|28352|6572
internet|20231215|28408|6595
internet|20240115|28628|6634
internet|20240215|28910|6687
internet|20240315|29059|6759
internet|20240415|29284|6820
internet|20240515|29489|6959
internet|20240615|29609|6987
