as_type|date|from1to24|from25to49|from50to74|from75to100
business|20140615|2|8|51|82
business|20140715|1|10|50|86
business|20140815|2|11|46|87
business|20140915|1|9|59|89
business|20141015|2|11|56|91
business|20141115|1|13|47|98
business|20141215|1|12|54|98
business|20150115|1|12|56|103
business|20150215|1|14|52|105
business|20150315|1|12|55|108
business|20150415|1|11|51|110
business|20150515|1|14|49|114
business|20150615|3|16|54|114
business|20150715|3|18|58|115
business|20150815|4|18|55|118
business|20150915|4|19|57|116
business|20151015|6|18|54|121
business|20151115|4|18|55|126
business|20151215|4|17|56|126
business|20160115|3|16|53|134
business|20160215|3|14|52|145
business|20160315|3|15|56|148
business|20160415|4|14|57|154
business|20160515|2|12|63|155
business|20160615|2|13|57|159
business|20160715|3|13|59|158
business|20160815|3|13|64|156
business|20160915|4|14|65|156
business|20161015|4|14|65|161
business|20161115|5|12|70|170
business|20161215|5|10|70|171
business|20170115|5|9|68|173
business|20170215|6|12|67|177
business|20170315|4|10|77|179
business|20170415|5|12|82|171
business|20170515|2|13|83|175
business|20170615|2|11|77|188
business|20170715|2|15|80|189
business|20170815|1|13|82|200
business|20170915|2|15|74|204
business|20171015|2|16|74|197
business|20171115|3|17|82|211
business|20171215|4|18|92|207
business|20180115|3|17|89|212
business|20180215|3|19|84|221
business|20180315|3|21|88|230
business|20180415|4|22|89|231
business|20180515|3|20|95|227
business|20180615|5|15|95|238
business|20180715|5|18|107|230
business|20180815|5|17|94|237
business|20180915|6|15|98|231
business|20181015|6|13|101|241
business|20181115|5|9|108|252
business|20181215|6|13|106|267
business|20190115|4|16|111|264
business|20190215|6|16|112|271
business|20190315|6|14|109|279
business|20190415|6|12|117|275
business|20190515|5|20|118|279
business|20190615|8|19|113|279
business|20190715|7|19|113|279
business|20190815|5|20|113|290
business|20190915|7|18|114|288
business|20191015|8|22|108|293
business|20191115|9|29|111|299
business|20191215|8|31|106|303
business|20200115|8|28|108|309
business|20200215|6|29|103|316
business|20200315|7|25|107|329
business|20200415|7|25|118|331
business|20200515|6|30|124|339
business|20200615|7|29|125|338
business|20200715|6|29|128|352
business|20200815|7|29|135|356
business|20200915|8|26|132|374
business|20201015|7|29|129|358
business|20201115|8|26|130|362
business|20201215|13|35|130|360
business|20210115|12|33|132|360
business|20210215|15|33|137|370
business|20210315|11|30|144|381
business|20210415|10|29|155|379
business|20210515|8|30|152|396
business|20210615|11|27|169|416
business|20210715|12|30|159|405
business|20210815|10|31|156|423
business|20210915|11|33|172|427
business|20211015|12|30|169|424
business|20211115|13|32|169|427
business|20211215|14|31|165|443
business|20220115|11|32|163|464
business|20220215|10|34|170|474
business|20220315|10|34|176|473
business|20220415|12|37|172|465
business|20220515|17|37|180|476
business|20220615|14|41|181|486
business|20220715|15|37|182|509
business|20220815|16|43|190|516
business|20220915|17|47|187|534
business|20221015|17|40|187|531
business|20221115|15|40|195|532
business|20221215|16|39|188|541
business|20230115|14|45|179|563
business|20230215|13|45|186|581
business|20230315|16|45|190|606
business|20230415|15|50|190|583
business|20230515|22|55|188|582
business|20230615|17|55|181|580
business|20230715|12|56|173|579
business|20230815|14|53|188|612
business|20230915|16|48|187|656
business|20231015|13|50|189|627
business|20231115|13|55|201|635
business|20231215|15|53|208|639
business|20240115|12|44|212|653
business|20240215|12|54|204|682
business|20240315|9|48|213|677
business|20240415|12|55|224|683
business|20240515|13|50|228|715
business|20240615|9|55|241|730
education|20140615|2|4|21|42
education|20140715|2|4|25|38
education|20140815|2|3|26|36
education|20140915|1|3|25|35
education|20141015|1|4|26|36
education|20141115|2|7|27|36
education|20141215|1|9|29|32
education|20150115|1|7|29|37
education|20150215|1|6|37|34
education|20150315|1|7|35|35
education|20150415|1|5|40|34
education|20150515|1|4|41|34
education|20150615|2|4|43|36
education|20150715|2|6|44|37
education|20150815|1|8|41|39
education|20150915|1|7|43|39
education|20151015|2|8|40|38
education|20151115|2|6|44|37
education|20151215|1|9|42|42
education|20160115|0|10|44|39
education|20160215|0|9|51|38
education|20160315|0|6|54|38
education|20160415|0|8|52|41
education|20160515|0|9|49|41
education|20160615|1|8|52|42
education|20160715|1|8|48|44
education|20160815|0|6|42|48
education|20160915|1|4|43|44
education|20161015|1|6|42|44
education|20161115|0|9|40|53
education|20161215|0|7|35|57
education|20170115|0|7|37|53
education|20170215|3|8|36|49
education|20170315|2|8|44|46
education|20170415|2|9|43|51
education|20170515|2|8|40|55
education|20170615|1|9|40|54
education|20170715|1|8|43|54
education|20170815|1|9|39|57
education|20170915|1|9|39|56
education|20171015|1|9|41|57
education|20171115|1|10|40|59
education|20171215|3|11|46|57
education|20180115|4|13|44|58
education|20180215|2|15|44|56
education|20180315|1|14|48|55
education|20180415|2|16|41|61
education|20180515|2|15|44|54
education|20180615|1|14|46|56
education|20180715|1|14|45|57
education|20180815|2|17|39|57
education|20180915|2|16|42|55
education|20181015|1|15|43|56
education|20181115|3|14|44|51
education|20181215|2|14|47|54
education|20190115|3|13|46|58
education|20190215|4|12|47|59
education|20190315|2|12|57|61
education|20190415|5|11|51|60
education|20190515|6|10|53|62
education|20190615|4|9|51|65
education|20190715|3|11|46|67
education|20190815|4|9|52|68
education|20190915|2|7|52|73
education|20191015|2|7|46|75
education|20191115|2|4|45|79
education|20191215|3|9|42|71
education|20200115|3|6|46|72
education|20200215|3|8|36|71
education|20200315|3|10|40|66
education|20200415|2|11|46|62
education|20200515|2|8|44|71
education|20200615|2|8|45|67
education|20200715|2|8|43|67
education|20200815|2|10|46|64
education|20200915|1|11|47|62
education|20201015|1|8|46|66
education|20201115|2|8|43|67
education|20201215|2|10|43|71
education|20210115|2|10|42|76
education|20210215|2|10|44|75
education|20210315|2|10|44|73
education|20210415|3|12|42|72
education|20210515|3|11|44|75
education|20210615|3|12|46|80
education|20210715|3|10|47|77
education|20210815|4|11|46|76
education|20210915|3|11|44|80
education|20211015|3|9|44|79
education|20211115|3|9|42|80
education|20211215|3|9|44|81
education|20220115|3|8|45|84
education|20220215|3|6|42|89
education|20220315|5|6|52|85
education|20220415|5|6|49|85
education|20220515|3|9|48|89
education|20220615|3|8|48|93
education|20220715|3|9|44|97
education|20220815|4|9|42|98
education|20220915|2|11|41|93
education|20221015|3|11|47|90
education|20221115|3|9|47|94
education|20221215|2|8|51|92
education|20230115|2|7|46|91
education|20230215|2|8|51|89
education|20230315|2|10|43|89
education|20230415|3|9|51|97
education|20230515|5|10|51|95
education|20230615|5|12|48|101
education|20230715|5|12|49|97
education|20230815|2|14|43|101
education|20230915|2|15|41|105
education|20231015|3|13|41|101
education|20231115|2|13|40|107
education|20231215|3|17|38|102
education|20240115|1|16|39|100
education|20240215|5|14|41|98
education|20240315|4|14|40|101
education|20240415|4|15|40|100
education|20240515|5|12|39|103
education|20240615|5|14|37|101
government|20140615|1|3|2|11
government|20140715|1|3|5|11
government|20140815|1|2|4|11
government|20140915|1|2|5|11
government|20141015|0|1|5|12
government|20141115|1|1|3|12
government|20141215|1|1|5|13
government|20150115|2|1|4|12
government|20150215|2|2|5|12
government|20150315|0|2|5|11
government|20150415|1|1|2|13
government|20150515|1|1|2|14
government|20150615|1|1|3|16
government|20150715|1|1|3|16
government|20150815|1|1|6|16
government|20150915|1|1|4|15
government|20151015|1|1|3|18
government|20151115|2|1|4|16
government|20151215|1|1|5|16
government|20160115|1|1|4|16
government|20160215|1|2|5|17
government|20160315|1|1|5|19
government|20160415|1|1|6|20
government|20160515|1|1|4|20
government|20160615|1|2|5|20
government|20160715|1|1|6|21
government|20160815|1|1|5|20
government|20160915|1|1|4|20
government|20161015|1|1|6|19
government|20161115|1|1|7|20
government|20161215|1|1|7|19
government|20170115|1|1|7|19
government|20170215|1|2|8|20
government|20170315|1|2|7|24
government|20170415|0|2|5|24
government|20170515|0|2|6|25
government|20170615|1|2|8|25
government|20170715|0|2|8|23
government|20170815|0|2|7|23
government|20170915|0|3|7|22
government|20171015|0|2|6|23
government|20171115|0|3|9|24
government|20171215|0|3|6|25
government|20180115|0|3|8|25
government|20180215|0|3|5|27
government|20180315|0|3|7|27
government|20180415|0|4|5|26
government|20180515|0|2|6|29
government|20180615|1|2|7|27
government|20180715|1|3|6|28
government|20180815|1|2|7|28
government|20180915|1|1|6|27
government|20181015|0|1|5|29
government|20181115|1|1|7|28
government|20181215|1|1|6|31
government|20190115|1|1|6|30
government|20190215|1|1|7|30
government|20190315|1|1|7|30
government|20190415|1|1|8|30
government|20190515|2|1|8|30
government|20190615|1|1|9|30
government|20190715|1|1|9|32
government|20190815|1|1|9|33
government|20190915|1|1|9|33
government|20191015|1|1|12|31
government|20191115|2|1|12|33
government|20191215|3|1|13|32
government|20200115|3|1|12|35
government|20200215|3|2|14|34
government|20200315|4|2|13|34
government|20200415|2|2|12|29
government|20200515|2|2|10|30
government|20200615|2|1|10|29
government|20200715|1|2|9|30
government|20200815|2|1|11|31
government|20200915|2|1|12|30
government|20201015|1|2|11|31
government|20201115|1|2|12|32
government|20201215|1|2|12|29
government|20210115|1|3|11|29
government|20210215|1|4|9|31
government|20210315|1|4|9|30
government|20210415|1|3|10|33
government|20210515|1|2|10|35
government|20210615|1|3|10|36
government|20210715|1|2|10|36
government|20210815|1|2|9|37
government|20210915|1|5|11|36
government|20211015|2|4|11|37
government|20211115|2|4|10|38
government|20211215|2|5|8|39
government|20220115|2|5|6|38
government|20220215|2|5|7|38
government|20220315|1|4|9|38
government|20220415|3|6|8|37
government|20220515|3|7|8|39
government|20220615|3|4|10|40
government|20220715|3|5|9|39
government|20220815|3|5|9|40
government|20220915|3|6|8|38
government|20221015|2|5|8|40
government|20221115|3|5|5|42
government|20221215|3|6|6|40
government|20230115|2|6|7|40
government|20230215|3|6|6|43
government|20230315|3|6|7|43
government|20230415|4|5|7|41
government|20230515|3|5|9|39
government|20230615|3|4|9|40
government|20230715|3|4|8|41
government|20230815|3|4|9|40
government|20230915|3|5|7|42
government|20231015|3|5|6|42
government|20231115|3|5|8|42
government|20231215|3|5|8|45
government|20240115|3|4|8|43
government|20240215|2|4|5|42
government|20240315|2|4|8|41
government|20240415|3|3|10|41
government|20240515|4|4|9|41
government|20240615|4|4|8|41
hosting|20140615|12|29|118|254
hosting|20140715|12|32|121|265
hosting|20140815|11|33|128|267
hosting|20140915|12|41|129|274
hosting|20141015|10|33|131|278
hosting|20141115|8|36|131|289
hosting|20141215|11|34|124|297
hosting|20150115|10|34|126|300
hosting|20150215|12|32|127|308
hosting|20150315|13|32|122|312
hosting|20150415|13|33|126|311
hosting|20150515|13|36|135|316
hosting|20150615|13|44|137|322
hosting|20150715|16|43|138|341
hosting|20150815|12|43|150|332
hosting|20150915|16|48|138|336
hosting|20151015|19|52|144|344
hosting|20151115|23|54|150|348
hosting|20151215|22|53|146|363
hosting|20160115|24|59|142|368
hosting|20160215|24|53|153|391
hosting|20160315|22|53|153|389
hosting|20160415|21|54|161|383
hosting|20160515|23|55|165|396
hosting|20160615|19|50|164|419
hosting|20160715|15|57|158|414
hosting|20160815|19|47|172|426
hosting|20160915|22|52|183|434
hosting|20161015|17|57|187|457
hosting|20161115|20|53|197|459
hosting|20161215|20|54|194|478
hosting|20170115|23|51|194|469
hosting|20170215|22|50|189|490
hosting|20170315|24|43|194|492
hosting|20170415|25|49|178|504
hosting|20170515|25|53|175|503
hosting|20170615|30|51|186|510
hosting|20170715|29|59|188|519
hosting|20170815|29|68|175|518
hosting|20170915|24|69|177|542
hosting|20171015|24|69|179|539
hosting|20171115|23|84|183|565
hosting|20171215|28|80|188|550
hosting|20180115|29|78|186|557
hosting|20180215|29|75|198|565
hosting|20180315|25|78|190|583
hosting|20180415|28|78|210|583
hosting|20180515|31|77|213|603
hosting|20180615|23|85|211|613
hosting|20180715|27|85|220|651
hosting|20180815|25|75|238|631
hosting|20180915|27|78|232|641
hosting|20181015|22|85|220|654
hosting|20181115|26|86|229|647
hosting|20181215|24|78|232|684
hosting|20190115|24|82|227|687
hosting|20190215|26|74|229|705
hosting|20190315|24|77|233|720
hosting|20190415|21|78|249|726
hosting|20190515|22|72|259|741
hosting|20190615|26|87|259|746
hosting|20190715|23|80|246|774
hosting|20190815|25|73|244|774
hosting|20190915|25|71|259|780
hosting|20191015|24|63|261|813
hosting|20191115|34|61|255|834
hosting|20191215|31|71|263|840
hosting|20200115|28|64|274|859
hosting|20200215|31|66|268|854
hosting|20200315|35|65|271|869
hosting|20200415|35|69|275|855
hosting|20200515|36|84|243|897
hosting|20200615|31|83|257|894
hosting|20200715|34|83|272|896
hosting|20200815|34|87|273|892
hosting|20200915|27|81|279|942
hosting|20201015|26|93|258|957
hosting|20201115|26|82|278|969
hosting|20201215|25|95|275|977
hosting|20210115|30|98|282|975
hosting|20210215|30|100|285|994
hosting|20210315|32|111|287|1006
hosting|20210415|34|105|284|1026
hosting|20210515|34|96|296|1039
hosting|20210615|35|97|298|1075
hosting|20210715|32|88|283|1079
hosting|20210815|34|92|296|1078
hosting|20210915|30|99|312|1088
hosting|20211015|33|114|299|1079
hosting|20211115|34|104|284|1100
hosting|20211215|40|98|281|1116
hosting|20220115|40|103|302|1123
hosting|20220215|43|114|307|1149
hosting|20220315|46|116|319|1136
hosting|20220415|41|119|315|1134
hosting|20220515|43|114|321|1135
hosting|20220615|39|131|326|1153
hosting|20220715|36|119|349|1177
hosting|20220815|37|121|338|1192
hosting|20220915|38|122|339|1190
hosting|20221015|36|115|336|1199
hosting|20221115|37|122|339|1202
hosting|20221215|35|122|340|1205
hosting|20230115|46|126|334|1200
hosting|20230215|43|118|337|1235
hosting|20230315|44|119|347|1272
hosting|20230415|42|124|331|1276
hosting|20230515|36|129|335|1280
hosting|20230615|33|127|344|1263
hosting|20230715|38|136|329|1247
hosting|20230815|37|130|322|1306
hosting|20230915|45|125|328|1347
hosting|20231015|44|132|326|1350
hosting|20231115|39|128|316|1350
hosting|20231215|45|132|319|1351
hosting|20240115|42|127|314|1387
hosting|20240215|48|124|325|1411
hosting|20240315|53|135|338|1406
hosting|20240415|52|147|348|1401
hosting|20240515|52|141|322|1464
hosting|20240615|41|145|341|1460
internet|20140615|29|79|331|656
internet|20140715|32|81|335|669
internet|20140815|33|82|350|675
internet|20140915|32|91|370|681
internet|20141015|35|86|380|696
internet|20141115|35|92|374|718
internet|20141215|37|92|364|741
internet|20150115|35|93|375|751
internet|20150215|32|89|379|758
internet|20150315|34|94|366|771
internet|20150415|37|94|366|771
internet|20150515|34|95|379|784
internet|20150615|44|108|398|799
internet|20150715|48|111|396|839
internet|20150815|39|113|413|832
internet|20150915|53|121|405|834
internet|20151015|58|123|416|853
internet|20151115|60|124|432|865
internet|20151215|54|132|414|895
internet|20160115|55|142|411|915
internet|20160215|63|131|437|971
internet|20160315|56|124|439|1001
internet|20160415|59|132|450|1013
internet|20160515|60|130|469|1026
internet|20160615|58|137|452|1079
internet|20160715|54|135|451|1075
internet|20160815|54|113|479|1096
internet|20160915|69|119|495|1098
internet|20161015|59|136|518|1145
internet|20161115|51|143|524|1186
internet|20161215|59|135|511|1229
internet|20170115|59|131|514|1213
internet|20170215|68|137|510|1235
internet|20170315|64|135|540|1255
internet|20170415|66|148|526|1273
internet|20170515|65|154|536|1284
internet|20170615|72|148|556|1329
internet|20170715|67|160|547|1376
internet|20170815|69|170|529|1385
internet|20170915|65|171|506|1441
internet|20171015|64|172|519|1437
internet|20171115|65|195|559|1524
internet|20171215|75|200|582|1494
internet|20180115|76|201|574|1526
internet|20180215|75|205|587|1556
internet|20180315|74|197|617|1596
internet|20180415|77|210|622|1630
internet|20180515|80|201|655|1635
internet|20180615|80|197|653|1672
internet|20180715|85|212|678|1757
internet|20180815|79|190|668|1752
internet|20180915|81|190|679|1747
internet|20181015|68|192|686|1804
internet|20181115|72|197|693|1813
internet|20181215|69|198|701|1923
internet|20190115|70|204|706|1934
internet|20190215|75|195|710|1967
internet|20190315|70|193|761|1990
internet|20190415|68|193|781|1987
internet|20190515|70|188|826|2012
internet|20190615|73|219|817|2053
internet|20190715|75|222|804|2096
internet|20190815|85|216|816|2135
internet|20190915|79|202|847|2192
internet|20191015|78|197|829|2291
internet|20191115|84|201|818|2359
internet|20191215|86|221|850|2352
internet|20200115|82|209|860|2421
internet|20200215|90|215|836|2443
internet|20200315|92|200|862|2523
internet|20200415|99|230|891|2455
internet|20200515|92|237|852|2598
internet|20200615|95|246|869|2617
internet|20200715|102|234|910|2684
internet|20200815|109|230|894|2684
internet|20200915|99|226|933|2844
internet|20201015|97|235|901|2835
internet|20201115|104|230|903|2881
internet|20201215|105|241|893|2937
internet|20210115|106|240|909|2973
internet|20210215|113|249|933|3010
internet|20210315|118|267|964|3062
internet|20210415|115|275|964|3127
internet|20210515|113|278|1013|3207
internet|20210615|127|294|1059|3382
internet|20210715|118|273|995|3343
internet|20210815|112|283|1022|3404
internet|20210915|119|295|1080|3513
internet|20211015|117|316|1073|3512
internet|20211115|124|299|1028|3565
internet|20211215|134|281|1005|3647
internet|20220115|125|286|1072|3710
internet|20220215|129|311|1080|3798
internet|20220315|138|312|1138|3753
internet|20220415|144|311|1118|3746
internet|20220515|143|302|1140|3758
internet|20220615|124|328|1128|3862
internet|20220715|129|316|1199|3991
internet|20220815|134|328|1151|4070
internet|20220915|141|329|1153|4125
internet|20221015|129|333|1218|4068
internet|20221115|137|328|1259|4155
internet|20221215|122|321|1252|4208
internet|20230115|139|328|1232|4240
internet|20230215|142|326|1259|4372
internet|20230315|153|341|1291|4498
internet|20230415|143|350|1257|4501
internet|20230515|149|377|1262|4505
internet|20230615|147|362|1290|4423
internet|20230715|147|385|1247|4419
internet|20230815|146|375|1282|4604
internet|20230915|156|392|1288|4817
internet|20231015|149|378|1259|4733
internet|20231115|139|381|1281|4771
internet|20231215|149|369|1282|4795
internet|20240115|153|353|1273|4855
internet|20240215|151|368|1253|4915
internet|20240315|159|383|1249|4968
internet|20240415|165|411|1268|4976
internet|20240515|179|398|1259|5123
internet|20240615|155|401|1275|5156
isp|20140615|7|25|95|175
isp|20140715|10|23|96|179
isp|20140815|11|25|105|183
isp|20140915|10|26|114|179
isp|20141015|13|28|121|186
isp|20141115|15|29|123|190
isp|20141215|15|29|113|204
isp|20150115|13|31|122|206
isp|20150215|12|27|122|208
isp|20150315|14|31|114|206
isp|20150415|16|32|116|211
isp|20150515|12|31|119|209
isp|20150615|17|35|117|211
isp|20150715|18|35|114|219
isp|20150815|15|34|118|225
isp|20150915|22|37|123|218
isp|20151015|23|33|135|222
isp|20151115|22|32|137|229
isp|20151215|20|36|130|233
isp|20160115|20|39|132|242
isp|20160215|27|40|136|258
isp|20160315|21|34|127|285
isp|20160415|22|40|130|295
isp|20160515|21|35|144|287
isp|20160615|23|46|136|299
isp|20160715|23|43|139|305
isp|20160815|21|33|159|308
isp|20160915|29|34|157|310
isp|20161015|26|46|166|335
isp|20161115|15|56|157|352
isp|20161215|22|49|155|367
isp|20170115|17|51|161|358
isp|20170215|26|52|167|358
isp|20170315|24|55|170|371
isp|20170415|24|59|170|373
isp|20170515|30|61|177|378
isp|20170615|31|60|190|392
isp|20170715|29|60|176|429
isp|20170815|31|59|173|434
isp|20170915|32|58|170|451
isp|20171015|30|61|173|465
isp|20171115|30|67|187|505
isp|20171215|32|72|198|499
isp|20180115|33|76|198|508
isp|20180215|33|79|202|522
isp|20180315|34|70|230|529
isp|20180415|36|72|222|557
isp|20180515|37|71|237|549
isp|20180615|43|67|242|569
isp|20180715|43|75|247|610
isp|20180815|40|64|232|634
isp|20180915|41|64|244|629
isp|20181015|37|61|263|659
isp|20181115|35|66|255|661
isp|20181215|34|71|256|714
isp|20190115|35|72|261|730
isp|20190215|37|73|257|740
isp|20190315|35|74|292|727
isp|20190415|33|72|287|729
isp|20190515|32|71|311|735
isp|20190615|31|89|311|762
isp|20190715|36|95|314|779
isp|20190815|45|89|327|792
isp|20190915|40|89|339|832
isp|20191015|40|88|329|885
isp|20191115|35|90|326|918
isp|20191215|38|92|347|934
isp|20200115|38|91|351|971
isp|20200215|43|91|358|981
isp|20200315|39|80|369|1037
isp|20200415|47|104|382|994
isp|20200515|42|99|364|1070
isp|20200615|45|108|372|1110
isp|20200715|49|96|402|1149
isp|20200815|57|88|370|1162
isp|20200915|54|94|397|1231
isp|20201015|55|89|392|1250
isp|20201115|59|100|378|1283
isp|20201215|56|84|375|1328
isp|20210115|54|83|381|1364
isp|20210215|57|90|390|1373
isp|20210315|64|93|415|1399
isp|20210415|61|109|410|1435
isp|20210515|62|120|436|1482
isp|20210615|69|136|461|1565
isp|20210715|63|122|434|1560
isp|20210815|57|126|452|1603
isp|20210915|67|129|473|1673
isp|20211015|61|139|486|1693
isp|20211115|66|133|463|1717
isp|20211215|67|123|446|1778
isp|20220115|64|121|497|1803
isp|20220215|64|136|499|1843
isp|20220315|68|140|525|1822
isp|20220415|74|129|514|1849
isp|20220515|68|120|532|1843
isp|20220615|63|130|518|1914
isp|20220715|69|129|565|1984
isp|20220815|69|133|530|2032
isp|20220915|76|130|535|2080
isp|20221015|69|150|589|2035
isp|20221115|76|141|626|2115
isp|20221215|61|138|624|2154
isp|20230115|71|136|627|2166
isp|20230215|78|141|636|2243
isp|20230315|84|154|656|2298
isp|20230415|75|154|640|2331
isp|20230515|76|170|642|2335
isp|20230615|85|159|669|2292
isp|20230715|84|175|647|2311
isp|20230815|86|167|688|2395
isp|20230915|88|194|682|2507
isp|20231015|82|172|662|2462
isp|20231115|78|173|686|2497
isp|20231215|81|154|682|2545
isp|20240115|90|159|677|2564
isp|20240215|81|169|654|2586
isp|20240315|86|179|632|2651
isp|20240415|90|188|630|2669
isp|20240515|101|189|650|2723
isp|20240615|93|181|641|2759
none|20140615|5|10|44|92
none|20140715|6|9|38|90
none|20140815|6|8|41|91
none|20140915|7|10|38|93
none|20141015|9|9|41|93
none|20141115|8|6|43|93
none|20141215|8|7|39|97
none|20150115|8|8|38|93
none|20150215|4|8|36|91
none|20150315|5|10|35|99
none|20150415|5|12|31|92
none|20150515|6|9|33|97
none|20150615|8|8|44|100
none|20150715|8|8|39|111
none|20150815|6|9|43|102
none|20150915|9|9|40|110
none|20151015|7|11|40|110
none|20151115|7|13|42|109
none|20151215|6|16|35|115
none|20160115|7|17|36|116
none|20160215|8|13|40|122
none|20160315|9|15|44|122
none|20160415|11|15|44|120
none|20160515|13|18|44|127
none|20160615|12|18|38|140
none|20160715|11|13|41|133
none|20160815|10|13|37|138
none|20160915|12|14|43|134
none|20161015|10|12|52|129
none|20161115|10|12|53|132
none|20161215|11|14|50|137
none|20170115|13|12|47|141
none|20170215|10|13|43|141
none|20170315|9|17|48|143
none|20170415|10|17|48|150
none|20170515|6|17|55|148
none|20170615|7|15|55|160
none|20170715|6|16|52|162
none|20170815|7|19|53|153
none|20170915|6|17|39|166
none|20171015|7|15|46|156
none|20171115|8|14|58|160
none|20171215|8|16|52|156
none|20180115|7|14|49|166
none|20180215|8|14|54|165
none|20180315|11|11|54|172
none|20180415|7|18|55|172
none|20180515|7|16|60|173
none|20180615|7|14|52|169
none|20180715|8|17|53|181
none|20180815|6|15|58|165
none|20180915|4|16|57|164
none|20181015|2|17|54|165
none|20181115|2|21|50|174
none|20181215|2|21|54|173
none|20190115|3|20|55|165
none|20190215|1|19|58|162
none|20190315|2|15|63|173
none|20190415|2|19|69|167
none|20190515|3|14|77|165
none|20190615|3|14|74|171
none|20190715|5|16|76|165
none|20190815|5|24|71|178
none|20190915|4|16|74|186
none|20191015|3|16|73|194
none|20191115|2|16|69|196
none|20191215|3|17|79|172
none|20200115|2|19|69|175
none|20200215|4|19|57|187
none|20200315|4|18|62|188
none|20200415|6|19|58|184
none|20200515|4|14|67|191
none|20200615|8|17|60|179
none|20200715|10|16|56|190
none|20200815|7|15|59|179
none|20200915|7|13|66|205
none|20201015|7|14|65|173
none|20201115|8|12|62|168
none|20201215|8|15|58|172
none|20210115|7|13|61|169
none|20210215|8|12|68|167
none|20210315|8|19|65|173
none|20210415|6|17|63|182
none|20210515|5|19|75|180
none|20210615|8|19|75|210
none|20210715|7|21|62|186
none|20210815|6|21|63|187
none|20210915|7|18|68|209
none|20211015|6|20|64|200
none|20211115|6|17|60|203
none|20211215|8|15|61|190
none|20220115|5|17|59|198
none|20220215|7|16|55|205
none|20220315|8|12|57|199
none|20220415|9|14|60|176
none|20220515|9|15|51|176
none|20220615|2|14|45|176
none|20220715|3|17|50|185
none|20220815|5|17|42|192
none|20220915|5|13|43|190
none|20221015|2|12|51|173
none|20221115|3|11|47|170
none|20221215|5|8|43|176
none|20230115|4|8|39|180
none|20230215|3|8|43|181
none|20230315|4|7|48|190
none|20230415|4|8|38|173
none|20230515|7|8|37|174
none|20230615|4|5|39|147
none|20230715|5|2|41|144
none|20230815|4|7|32|150
none|20230915|2|5|43|160
none|20231015|4|6|35|151
none|20231115|4|7|30|140
none|20231215|2|8|27|113
none|20240115|5|3|23|108
none|20240215|3|3|24|96
none|20240315|5|3|18|92
none|20240415|4|3|16|82
none|20240515|4|2|11|77
none|20240615|3|2|7|65
