#as_type|date|baixa|media|alta
business|20140615|23|61|59
business|20140715|24|66|57
business|20140815|22|64|60
business|20140915|22|65|71
business|20141015|23|69|68
business|20141115|24|71|64
business|20141215|24|72|69
business|20150115|25|75|72
business|20150215|28|74|70
business|20150315|31|77|68
business|20150415|32|72|69
business|20150515|32|77|69
business|20150615|31|78|78
business|20150715|29|84|81
business|20150815|30|83|82
business|20150915|34|79|83
business|20151015|36|75|88
business|20151115|35|86|82
business|20151215|39|80|84
business|20160115|38|90|78
business|20160215|40|94|80
business|20160315|43|96|83
business|20160415|45|96|88
business|20160515|47|103|82
business|20160615|48|102|81
business|20160715|47|102|84
business|20160815|49|98|89
business|20160915|48|104|87
business|20161015|49|106|89
business|20161115|55|106|96
business|20161215|54|111|91
business|20170115|58|110|87
business|20170215|62|110|90
business|20170315|62|115|93
business|20170415|59|111|100
business|20170515|62|113|98
business|20170615|64|117|97
business|20170715|65|123|98
business|20170815|67|132|97
business|20170915|72|128|95
business|20171015|69|125|95
business|20171115|71|139|103
business|20171215|75|137|109
business|20180115|75|142|104
business|20180215|75|139|113
business|20180315|73|155|114
business|20180415|76|153|117
business|20180515|76|153|116
business|20180615|78|162|113
business|20180715|81|157|122
business|20180815|79|157|117
business|20180915|82|155|113
business|20181015|80|159|122
business|20181115|85|165|124
business|20181215|90|173|129
business|20190115|95|166|134
business|20190215|94|175|136
business|20190315|91|172|145
business|20190415|94|170|146
business|20190515|91|174|157
business|20190615|93|176|150
business|20190715|91|177|150
business|20190815|90|182|156
business|20190915|93|175|159
business|20191015|88|184|159
business|20191115|94|189|165
business|20191215|91|187|170
business|20200115|91|192|170
business|20200215|96|197|161
business|20200315|97|197|174
business|20200415|96|209|176
business|20200515|96|217|186
business|20200615|88|218|193
business|20200715|102|215|198
business|20200815|105|222|200
business|20200915|108|230|202
business|20201015|108|211|204
business|20201115|110|215|201
business|20201215|110|211|217
business|20210115|117|201|219
business|20210215|120|206|229
business|20210315|116|220|230
business|20210415|118|216|239
business|20210515|122|218|246
business|20210615|127|246|250
business|20210715|118|249|239
business|20210815|126|254|240
business|20210915|136|261|246
business|20211015|135|253|247
business|20211115|137|250|254
business|20211215|140|256|257
business|20220115|142|263|265
business|20220215|145|271|272
business|20220315|149|275|269
business|20220415|145|280|261
business|20220515|146|286|278
business|20220615|150|285|287
business|20220715|154|293|296
business|20220815|161|293|311
business|20220915|167|298|320
business|20221015|167|287|321
business|20221115|148|310|324
business|20221215|154|310|320
business|20230115|156|325|320
business|20230215|155|349|321
business|20230315|179|363|315
business|20230415|168|362|308
business|20230515|169|359|319
business|20230615|172|345|316
business|20230715|174|343|303
business|20230815|191|364|312
business|20230915|211|378|318
business|20231015|200|365|314
business|20231115|206|373|325
business|20231215|214|375|326
business|20240115|218|375|328
business|20240215|233|391|328
business|20240315|232|394|321
business|20240415|235|389|350
business|20240515|244|417|345
business|20240615|244|429|362
education|20140615|8|20|41
education|20140715|6|20|43
education|20140815|6|21|40
education|20140915|6|20|38
education|20141015|7|16|44
education|20141115|8|17|47
education|20141215|7|17|47
education|20150115|7|18|49
education|20150215|7|24|47
education|20150315|6|19|53
education|20150415|5|22|53
education|20150515|5|20|55
education|20150615|8|22|55
education|20150715|9|26|54
education|20150815|11|21|57
education|20150915|10|24|56
education|20151015|11|21|56
education|20151115|12|22|55
education|20151215|11|25|58
education|20160115|12|25|56
education|20160215|13|23|62
education|20160315|14|24|60
education|20160415|12|24|65
education|20160515|10|24|65
education|20160615|11|25|67
education|20160715|11|26|64
education|20160815|9|28|59
education|20160915|9|28|55
education|20161015|8|25|60
education|20161115|8|30|64
education|20161215|10|30|59
education|20170115|11|26|60
education|20170215|9|27|60
education|20170315|9|29|62
education|20170415|11|29|65
education|20170515|12|32|61
education|20170615|10|32|62
education|20170715|10|35|61
education|20170815|8|36|62
education|20170915|8|36|61
education|20171015|11|34|63
education|20171115|14|29|67
education|20171215|14|31|72
education|20180115|18|31|70
education|20180215|15|34|68
education|20180315|17|29|72
education|20180415|14|30|76
education|20180515|15|30|70
education|20180615|15|31|71
education|20180715|12|33|72
education|20180815|12|31|72
education|20180915|12|32|71
education|20181015|14|30|71
education|20181115|12|31|69
education|20181215|12|37|68
education|20190115|9|36|75
education|20190215|9|41|72
education|20190315|12|41|79
education|20190415|13|39|75
education|20190515|15|38|78
education|20190615|14|42|73
education|20190715|13|43|71
education|20190815|13|43|77
education|20190915|16|45|73
education|20191015|14|45|71
education|20191115|17|41|72
education|20191215|15|42|68
education|20200115|15|45|67
education|20200215|15|38|65
education|20200315|17|32|70
education|20200415|15|37|69
education|20200515|17|38|70
education|20200615|17|41|64
education|20200715|16|37|67
education|20200815|15|38|69
education|20200915|20|36|65
education|20201015|17|40|64
education|20201115|18|42|60
education|20201215|20|44|62
education|20210115|21|46|63
education|20210215|20|42|69
education|20210315|18|40|71
education|20210415|16|44|69
education|20210515|18|44|71
education|20210615|19|45|77
education|20210715|17|42|78
education|20210815|17|45|75
education|20210915|24|42|72
education|20211015|21|43|71
education|20211115|20|42|72
education|20211215|19|45|73
education|20220115|22|47|71
education|20220215|22|47|71
education|20220315|19|56|73
education|20220415|20|53|72
education|20220515|21|53|75
education|20220615|19|53|80
education|20220715|19|56|78
education|20220815|17|57|79
education|20220915|20|49|78
education|20221015|20|52|79
education|20221115|20|53|80
education|20221215|19|55|79
education|20230115|18|55|73
education|20230215|22|52|76
education|20230315|24|48|72
education|20230415|20|60|80
education|20230515|20|59|82
education|20230615|21|60|85
education|20230715|19|63|81
education|20230815|19|64|77
education|20230915|18|66|79
education|20231015|19|61|78
education|20231115|18|65|79
education|20231215|21|58|81
education|20240115|23|58|75
education|20240215|22|60|76
education|20240315|22|59|78
education|20240415|22|61|76
education|20240515|26|56|77
education|20240615|25|52|80
government|20140615|2|7|8
government|20140715|2|7|11
government|20140815|1|7|10
government|20140915|1|8|10
government|20141015|2|8|8
government|20141115|1|9|7
government|20141215|0|9|11
government|20150115|0|9|10
government|20150215|0|9|12
government|20150315|0|7|11
government|20150415|0|10|7
government|20150515|0|10|8
government|20150615|0|11|10
government|20150715|1|12|8
government|20150815|2|11|11
government|20150915|0|11|10
government|20151015|1|13|9
government|20151115|1|11|11
government|20151215|1|12|10
government|20160115|1|13|8
government|20160215|1|15|9
government|20160315|1|17|8
government|20160415|1|17|10
government|20160515|1|16|9
government|20160615|1|16|11
government|20160715|1|17|11
government|20160815|1|15|11
government|20160915|2|15|9
government|20161015|0|18|9
government|20161115|0|17|12
government|20161215|0|17|11
government|20170115|0|16|12
government|20170215|0|18|13
government|20170315|3|20|11
government|20170415|1|22|8
government|20170515|1|24|8
government|20170615|1|26|9
government|20170715|1|25|7
government|20170815|1|23|8
government|20170915|2|20|10
government|20171015|2|22|7
government|20171115|3|22|11
government|20171215|2|22|10
government|20180115|2|24|10
government|20180215|2|25|8
government|20180315|2|24|11
government|20180415|2|24|9
government|20180515|1|24|12
government|20180615|3|23|11
government|20180715|3|23|12
government|20180815|3|23|12
government|20180915|3|22|10
government|20181015|3|22|10
government|20181115|1|25|11
government|20181215|2|25|12
government|20190115|2|24|12
government|20190215|3|25|11
government|20190315|3|24|12
government|20190415|4|23|13
government|20190515|4|23|14
government|20190615|3|23|15
government|20190715|3|24|16
government|20190815|3|25|16
government|20190915|3|25|16
government|20191015|2|27|16
government|20191115|2|27|19
government|20191215|2|28|19
government|20200115|2|30|19
government|20200215|2|30|21
government|20200315|2|29|22
government|20200415|2|27|16
government|20200515|1|27|16
government|20200615|2|25|15
government|20200715|2|25|15
government|20200815|3|26|16
government|20200915|5|25|15
government|20201015|3|26|16
government|20201115|3|26|18
government|20201215|2|26|16
government|20210115|4|26|14
government|20210215|3|25|17
government|20210315|3|26|15
government|20210415|4|26|17
government|20210515|3|27|18
government|20210615|3|29|18
government|20210715|3|29|17
government|20210815|3|30|16
government|20210915|6|28|19
government|20211015|7|28|19
government|20211115|6|27|21
government|20211215|5|29|20
government|20220115|8|22|21
government|20220215|8|23|21
government|20220315|7|25|20
government|20220415|6|24|24
government|20220515|6|27|24
government|20220615|6|28|23
government|20220715|7|28|21
government|20220815|9|29|19
government|20220915|11|27|17
government|20221015|11|27|17
government|20221115|10|28|17
government|20221215|11|27|17
government|20230115|9|30|16
government|20230215|10|30|18
government|20230315|12|29|18
government|20230415|11|30|16
government|20230515|9|29|18
government|20230615|8|32|16
government|20230715|6|35|15
government|20230815|8|32|16
government|20230915|10|30|17
government|20231015|9|30|17
government|20231115|10|31|17
government|20231215|11|32|18
government|20240115|11|29|18
government|20240215|10|28|15
government|20240315|9|26|20
government|20240415|9|29|19
government|20240515|10|25|23
government|20240615|9|27|21
hosting|20140615|73|108|232
hosting|20140715|66|115|249
hosting|20140815|74|115|250
hosting|20140915|72|125|259
hosting|20141015|71|138|243
hosting|20141115|78|134|252
hosting|20141215|84|136|246
hosting|20150115|78|143|249
hosting|20150215|86|143|250
hosting|20150315|86|148|245
hosting|20150415|89|139|255
hosting|20150515|96|147|257
hosting|20150615|100|146|270
hosting|20150715|100|148|290
hosting|20150815|100|152|285
hosting|20150915|103|155|280
hosting|20151015|100|171|288
hosting|20151115|99|174|302
hosting|20151215|104|174|306
hosting|20160115|105|181|307
hosting|20160215|107|192|322
hosting|20160315|107|196|314
hosting|20160415|106|196|317
hosting|20160515|105|204|330
hosting|20160615|114|212|326
hosting|20160715|118|203|323
hosting|20160815|126|195|343
hosting|20160915|122|215|354
hosting|20161015|124|217|377
hosting|20161115|118|232|379
hosting|20161215|121|243|382
hosting|20170115|126|240|371
hosting|20170215|131|236|384
hosting|20170315|129|248|376
hosting|20170415|142|239|375
hosting|20170515|151|225|380
hosting|20170615|157|229|391
hosting|20170715|157|247|391
hosting|20170815|155|252|383
hosting|20170915|163|261|388
hosting|20171015|172|248|391
hosting|20171115|182|269|404
hosting|20171215|180|270|396
hosting|20180115|184|268|398
hosting|20180215|186|280|401
hosting|20180315|185|283|408
hosting|20180415|191|290|418
hosting|20180515|194|281|449
hosting|20180615|200|287|445
hosting|20180715|202|312|469
hosting|20180815|213|286|470
hosting|20180915|215|298|465
hosting|20181015|211|296|473
hosting|20181115|212|306|469
hosting|20181215|216|306|495
hosting|20190115|224|301|494
hosting|20190215|223|308|502
hosting|20190315|230|304|520
hosting|20190415|240|308|526
hosting|20190515|249|314|531
hosting|20190615|248|346|524
hosting|20190715|261|345|517
hosting|20190815|263|331|522
hosting|20190915|260|350|524
hosting|20191015|277|345|538
hosting|20191115|274|356|554
hosting|20191215|288|360|557
hosting|20200115|289|363|573
hosting|20200215|287|370|562
hosting|20200315|287|367|585
hosting|20200415|291|361|582
hosting|20200515|294|370|596
hosting|20200615|306|364|595
hosting|20200715|313|379|593
hosting|20200815|314|378|594
hosting|20200915|328|408|593
hosting|20201015|332|394|608
hosting|20201115|337|388|630
hosting|20201215|340|395|637
hosting|20210115|349|412|624
hosting|20210215|346|415|648
hosting|20210315|352|428|656
hosting|20210415|360|439|650
hosting|20210515|355|440|669
hosting|20210615|372|455|678
hosting|20210715|381|442|659
hosting|20210815|381|452|667
hosting|20210915|397|454|678
hosting|20211015|384|447|694
hosting|20211115|389|454|679
hosting|20211215|393|449|693
hosting|20220115|394|468|706
hosting|20220215|412|470|731
hosting|20220315|404|505|708
hosting|20220415|408|489|712
hosting|20220515|401|496|716
hosting|20220615|430|493|726
hosting|20220715|446|500|735
hosting|20220815|445|499|744
hosting|20220915|436|499|754
hosting|20221015|441|489|756
hosting|20221115|452|483|765
hosting|20221215|441|490|770
hosting|20230115|448|485|772
hosting|20230215|463|501|768
hosting|20230315|483|528|770
hosting|20230415|464|524|785
hosting|20230515|473|528|779
hosting|20230615|468|524|775
hosting|20230715|467|517|766
hosting|20230815|485|532|778
hosting|20230915|512|541|792
hosting|20231015|505|516|831
hosting|20231115|498|515|820
hosting|20231215|516|516|815
hosting|20240115|514|539|817
hosting|20240215|518|530|860
hosting|20240315|510|545|877
hosting|20240415|519|548|881
hosting|20240515|544|569|866
hosting|20240615|535|557|895
internet|20140615|163|347|585
internet|20140715|162|347|608
internet|20140815|170|348|622
internet|20140915|173|353|648
internet|20141015|164|384|649
internet|20141115|176|386|657
internet|20141215|180|389|665
internet|20150115|178|406|670
internet|20150215|193|403|662
internet|20150315|196|404|665
internet|20150415|201|396|671
internet|20150515|207|417|668
internet|20150615|218|421|710
internet|20150715|220|433|741
internet|20150815|216|435|746
internet|20150915|223|428|762
internet|20151015|222|455|773
internet|20151115|228|460|793
internet|20151215|236|455|804
internet|20160115|237|493|793
internet|20160215|252|506|844
internet|20160315|261|513|846
internet|20160415|257|521|876
internet|20160515|253|539|893
internet|20160615|266|562|898
internet|20160715|280|550|885
internet|20160815|287|546|909
internet|20160915|284|577|920
internet|20161015|284|598|976
internet|20161115|287|613|1004
internet|20161215|300|636|998
internet|20170115|317|617|983
internet|20170215|314|620|1016
internet|20170315|330|649|1015
internet|20170415|334|645|1034
internet|20170515|354|640|1045
internet|20170615|363|671|1071
internet|20170715|368|711|1071
internet|20170815|366|739|1048
internet|20170915|372|762|1049
internet|20171015|386|748|1058
internet|20171115|433|805|1105
internet|20171215|427|807|1117
internet|20180115|447|816|1114
internet|20180215|451|840|1132
internet|20180315|451|867|1166
internet|20180415|457|880|1202
internet|20180515|452|875|1244
internet|20180615|467|891|1244
internet|20180715|486|957|1289
internet|20180815|489|919|1281
internet|20180915|498|943|1256
internet|20181015|498|950|1301
internet|20181115|508|988|1278
internet|20181215|530|1001|1360
internet|20190115|532|1003|1379
internet|20190215|545|996|1405
internet|20190315|548|1013|1453
internet|20190415|563|1012|1455
internet|20190515|564|1026|1506
internet|20190615|590|1065|1507
internet|20190715|595|1068|1534
internet|20190815|610|1061|1581
internet|20190915|622|1092|1605
internet|20191015|637|1112|1645
internet|20191115|634|1151|1677
internet|20191215|652|1160|1697
internet|20200115|666|1187|1719
internet|20200215|665|1232|1687
internet|20200315|685|1212|1779
internet|20200415|699|1221|1755
internet|20200515|711|1254|1814
internet|20200615|738|1240|1849
internet|20200715|758|1263|1909
internet|20200815|757|1255|1906
internet|20200915|831|1315|1957
internet|20201015|785|1295|1988
internet|20201115|811|1312|1996
internet|20201215|822|1307|2047
internet|20210115|849|1319|2060
internet|20210215|845|1352|2108
internet|20210315|870|1390|2151
internet|20210415|895|1409|2177
internet|20210515|918|1448|2244
internet|20210615|987|1544|2331
internet|20210715|917|1507|2306
internet|20210815|921|1535|2366
internet|20210915|993|1601|2413
internet|20211015|956|1604|2457
internet|20211115|964|1609|2442
internet|20211215|990|1616|2460
internet|20220115|995|1642|2555
internet|20220215|1027|1656|2634
internet|20220315|1015|1694|2631
internet|20220415|1026|1694|2598
internet|20220515|1026|1732|2584
internet|20220615|1069|1738|2635
internet|20220715|1119|1811|2705
internet|20220815|1133|1830|2720
internet|20220915|1141|1825|2782
internet|20221015|1131|1787|2830
internet|20221115|1134|1849|2896
internet|20221215|1134|1847|2922
internet|20230115|1137|1871|2930
internet|20230215|1189|1934|2975
internet|20230315|1287|2033|2962
internet|20230415|1248|2049|2954
internet|20230515|1270|2040|2983
internet|20230615|1226|2040|2956
internet|20230715|1250|2022|2927
internet|20230815|1309|2091|3007
internet|20230915|1406|2152|3095
internet|20231015|1352|2051|3116
internet|20231115|1331|2128|3113
internet|20231215|1349|2126|3120
internet|20240115|1373|2151|3110
internet|20240215|1397|2136|3154
internet|20240315|1383|2185|3191
internet|20240415|1424|2191|3205
internet|20240515|1492|2246|3221
internet|20240615|1489|2254|3244
isp|20140615|39|88|175
isp|20140715|43|83|182
isp|20140815|45|87|192
isp|20140915|45|83|201
isp|20141015|38|98|212
isp|20141115|43|100|214
isp|20141215|47|99|215
isp|20150115|48|102|222
isp|20150215|47|99|223
isp|20150315|49|92|224
isp|20150415|48|103|224
isp|20150515|46|103|222
isp|20150615|52|99|229
isp|20150715|54|97|235
isp|20150815|49|106|237
isp|20150915|48|98|254
isp|20151015|46|109|258
isp|20151115|50|103|267
isp|20151215|47|109|263
isp|20160115|47|125|261
isp|20160215|54|121|286
isp|20160315|58|117|292
isp|20160415|58|123|306
isp|20160515|54|126|307
isp|20160615|58|132|314
isp|20160715|65|128|317
isp|20160815|68|134|319
isp|20160915|72|136|322
isp|20161015|75|152|346
isp|20161115|76|151|353
isp|20161215|83|157|353
isp|20170115|86|149|352
isp|20170215|81|156|366
isp|20170315|90|163|367
isp|20170415|89|165|372
isp|20170515|92|169|385
isp|20170615|99|176|398
isp|20170715|102|190|402
isp|20170815|98|207|392
isp|20170915|96|220|395
isp|20171015|102|226|401
isp|20171115|119|250|420
isp|20171215|115|252|434
isp|20180115|120|259|436
isp|20180215|118|268|450
isp|20180315|120|273|470
isp|20180415|132|282|473
isp|20180515|129|271|494
isp|20180615|134|285|502
isp|20180715|144|320|511
isp|20180815|141|315|514
isp|20180915|143|331|504
isp|20181015|147|348|525
isp|20181115|155|358|504
isp|20181215|168|353|555
isp|20190115|163|370|566
isp|20190215|176|347|584
isp|20190315|177|358|593
isp|20190415|172|362|588
isp|20190515|161|376|612
isp|20190615|185|372|636
isp|20190715|188|378|658
isp|20190815|197|368|688
isp|20190915|206|381|713
isp|20191015|218|389|735
isp|20191115|208|408|753
isp|20191215|220|422|769
isp|20200115|233|440|778
isp|20200215|231|477|765
isp|20200315|246|473|806
isp|20200415|250|479|798
isp|20200515|256|496|823
isp|20200615|274|501|860
isp|20200715|276|508|912
isp|20200815|271|496|911
isp|20200915|314|508|955
isp|20201015|282|531|973
isp|20201115|296|548|977
isp|20201215|306|534|1003
isp|20210115|313|547|1022
isp|20210215|316|573|1021
isp|20210315|337|583|1051
isp|20210415|353|591|1071
isp|20210515|369|634|1097
isp|20210615|398|662|1171
isp|20210715|351|646|1183
isp|20210815|346|659|1234
isp|20210915|375|713|1254
isp|20211015|355|736|1287
isp|20211115|357|730|1291
isp|20211215|379|735|1299
isp|20220115|374|734|1376
isp|20220215|383|738|1420
isp|20220315|378|728|1448
isp|20220415|391|758|1416
isp|20220515|396|775|1391
isp|20220615|408|790|1427
isp|20220715|431|844|1472
isp|20220815|433|859|1472
isp|20220915|446|853|1522
isp|20221015|441|840|1562
isp|20221115|459|888|1611
isp|20221215|460|877|1641
isp|20230115|454|886|1660
isp|20230215|485|907|1706
isp|20230315|523|959|1710
isp|20230415|524|983|1693
isp|20230515|539|971|1713
isp|20230615|513|996|1696
isp|20230715|537|990|1691
isp|20230815|557|1024|1755
isp|20230915|603|1042|1826
isp|20231015|581|986|1811
isp|20231115|569|1050|1815
isp|20231215|558|1070|1834
isp|20240115|581|1076|1833
isp|20240215|589|1065|1836
isp|20240315|583|1102|1863
isp|20240415|611|1115|1851
isp|20240515|644|1134|1885
isp|20240615|661|1149|1864
none|20140615|18|63|70
none|20140715|21|56|66
none|20140815|22|54|70
none|20140915|27|52|69
none|20141015|23|55|74
none|20141115|22|55|73
none|20141215|18|56|77
none|20150115|20|59|68
none|20150215|25|54|60
none|20150315|24|61|64
none|20150415|27|50|63
none|20150515|28|60|57
none|20150615|27|65|68
none|20150715|27|66|73
none|20150815|24|62|74
none|20150915|28|61|79
none|20151015|28|66|74
none|20151115|31|64|76
none|20151215|34|55|83
none|20160115|34|59|83
none|20160215|37|61|85
none|20160315|38|63|89
none|20160415|35|65|90
none|20160515|36|66|100
none|20160615|34|75|99
none|20160715|38|74|86
none|20160815|34|76|88
none|20160915|31|79|93
none|20161015|28|80|95
none|20161115|30|77|100
none|20161215|32|78|102
none|20170115|36|76|101
none|20170215|31|73|103
none|20170315|37|74|106
none|20170415|32|79|114
none|20170515|36|77|113
none|20170615|32|91|114
none|20170715|33|91|112
none|20170815|37|89|106
none|20170915|31|97|100
none|20171015|30|93|101
none|20171115|44|96|100
none|20171215|41|95|96
none|20180115|48|92|96
none|20180215|55|94|92
none|20180315|54|103|91
none|20180415|42|101|109
none|20180515|37|116|103
none|20180615|37|103|102
none|20180715|44|112|103
none|20180815|41|107|96
none|20180915|43|105|93
none|20181015|43|95|100
none|20181115|43|103|101
none|20181215|42|107|101
none|20190115|39|106|98
none|20190215|40|100|100
none|20190315|35|114|104
none|20190415|40|110|107
none|20190515|44|101|114
none|20190615|47|106|109
none|20190715|39|101|122
none|20190815|44|112|122
none|20190915|44|116|120
none|20191015|38|122|126
none|20191115|39|130|114
none|20191215|36|121|114
none|20200115|36|117|112
none|20200215|34|120|113
none|20200315|36|114|122
none|20200415|45|108|114
none|20200515|47|106|123
none|20200615|51|91|122
none|20200715|49|99|124
none|20200815|49|95|116
none|20200915|56|108|127
none|20201015|43|93|123
none|20201115|47|93|110
none|20201215|44|97|112
none|20210115|45|87|118
none|20210215|40|91|124
none|20210315|44|93|128
none|20210415|44|93|131
none|20210515|51|85|143
none|20210615|68|107|137
none|20210715|47|99|130
none|20210815|48|95|134
none|20210915|55|103|144
none|20211015|54|97|139
none|20211115|55|106|125
none|20211215|54|102|118
none|20220115|55|108|116
none|20220215|57|107|119
none|20220315|58|105|113
none|20220415|56|90|113
none|20220515|56|95|100
none|20220615|56|89|92
none|20220715|62|90|103
none|20220815|68|93|95
none|20220915|61|99|91
none|20221015|51|92|95
none|20221115|45|87|99
none|20221215|49|88|95
none|20230115|52|90|89
none|20230215|54|95|86
none|20230315|66|106|77
none|20230415|61|90|72
none|20230515|60|94|72
none|20230615|44|83|68
none|20230715|47|74|71
none|20230815|49|75|69
none|20230915|52|95|63
none|20231015|38|93|65
none|20231115|30|94|57
none|20231215|29|75|46
none|20240115|26|74|39
none|20240215|25|62|39
none|20240315|27|59|32
none|20240415|28|49|28
none|20240515|24|45|25
none|20240615|15|40|22
